 ceap_07120002             SWAT+ Jun 17  2020    MODULAR Rev 2020.60.4                                    
   jday   mon   day    yr   unit  gis_id  name                       flo          dep_wt            stor          rchrg           seep          revap         no3_st           minp           orgn           orgp         rchrgn          nloss          no3gw        seepno3        flo_cha        flo_res         flo_ls
                                                                       mm              m              mm             mm             mm             mm        kg/ha_N            kg        kg/ha_N        kg/ha_P        kg/ha_N        kg/ha_N        kg/ha_N             kg            m^3            m^3            m^3
   365    12    31  2001       1       1  aq_071200020101         264.594          4.241         14.658        493.036          8.290         94.465          0.039          0.000          0.000          0.000          0.730          0.000          0.483          0.011          0.000          0.000          0.000
   365    12    31  2001       2       1  aq_071200020102           8.867          4.474          1.577         68.545          6.282         54.798          0.004          0.000          0.000          0.000          0.045          0.000          0.016          0.006          0.000          0.000          0.000
   365    12    31  2001       3       1  aq_071200020103           0.217          4.888          0.335         74.820          9.987         76.616          0.018          0.000          0.000          0.000          0.031          0.000          0.000          0.001          0.000          0.000          0.000
   365    12    31  2001       4       1  aq_071200020201           0.217          4.892          0.323         28.921          8.871         31.833          0.004          0.000          0.000          0.000          0.010          0.000          0.000          0.004          0.000          0.000          0.000
   365    12    31  2001       5       1  aq_071200020202           0.254          4.878          0.366         12.427          4.548         19.624          0.002          0.000          0.000          0.000          0.005          0.000          0.000          0.002          0.000          0.000          0.000
   365    12    31  2001       6       1  aq_071200020203           0.254          4.758          0.725         77.319         11.911         73.406          0.008          0.000          0.000          0.000          0.083          0.000          0.000          0.046          0.000          0.000          0.000
   365    12    31  2001       7       1  aq_071200020204           0.217          4.877          0.369          0.036          1.236         10.583          0.000          0.000          0.000          0.000          0.000          0.000          0.000          0.000          0.000          0.000          0.000
   365    12    31  2001       8       1  aq_071200020205           0.217          4.883          0.352         20.348          7.109         25.022          0.002          0.000          0.000          0.000          0.009          0.000          0.000          0.001          0.000          0.000          0.000
   365    12    31  2001       9       1  aq_071200020206           9.355          4.546          1.547        150.691         10.815        142.521          0.011          0.000          0.000          0.000          0.060          0.000          0.007          0.045          0.000          0.000          0.000
   365    12    31  2001      10       1  aq_071200020301           3.722          4.451          1.647        141.226         12.768        135.400          0.016          0.000          0.000          0.000          0.070          0.000          0.010          0.035          0.000          0.000          0.000
   365    12    31  2001      11       1  aq_071200020302           0.178          4.761          0.716         37.064          5.729         39.884          0.001          0.000          0.000          0.000          0.025          0.000          0.000          0.008          0.000          0.000          0.000
   365    12    31  2001      12       1  aq_071200020303           2.457          4.610          1.175        115.880         10.789        114.633          0.011          0.000          0.000          0.000          0.044          0.000          0.001          0.039          0.000          0.000          0.000
   365    12    31  2001      13       1  aq_071200020304           0.217          4.884          0.347          6.283          3.083         14.983          0.001          0.000          0.000          0.000          0.008          0.000          0.000          0.005          0.000          0.000          0.000
   365    12    31  2001      14       1  aq_071200020305           0.290          4.883          0.352          0.405          1.360         10.755          0.000          0.000          0.000          0.000          0.000          0.000          0.000          0.000          0.000          0.000          0.000
   365    12    31  2001      15       1  aq_071200020401           0.254          4.858          0.426         56.229          9.285         58.690          0.009          0.000          0.000          0.000          0.016          0.000          0.000          0.001          0.000          0.000          0.000
   365    12    31  2001      16       1  aq_071200020402           0.217          4.891          0.328         25.845          6.304         31.324          0.013          0.000          0.000          0.000          0.021          0.000          0.000          0.001          0.000          0.000          0.000
   365    12    31  2001      17       1  aq_071200020403           0.254          4.886          0.343          3.683          1.480         13.949          0.000          0.000          0.000          0.000          0.001          0.000          0.000          0.001          0.000          0.000          0.000
   365    12    31  2001      18       1  aq_071200020404           0.290          4.873          0.381         18.597          3.609         26.697          0.000          0.000          0.000          0.000          0.037          0.000          0.000          0.034          0.000          0.000          0.000
   365    12    31  2001      19       1  aq_071200020405           0.290          4.746          0.762         30.992          3.827         38.875          0.002          0.000          0.000          0.000          0.052          0.000          0.000          0.030          0.000          0.000          0.000
   365    12    31  2001      20       1  aq_071200020501           0.784          4.749          0.752         65.761          8.189         68.787          0.004          0.000          0.000          0.000          0.035          0.000          0.001          0.033          0.000          0.000          0.000
   365    12    31  2001      21       1  aq_071200020502           0.254          4.857          0.428         28.930          8.547         32.129          0.008          0.000          0.000          0.000          0.013          0.000          0.000          0.001          0.000          0.000          0.000
   365    12    31  2001      22       1  aq_071200020503           0.217          4.892          0.323         15.359          4.002         23.140          0.003          0.000          0.000          0.000          0.005          0.000          0.000          0.000          0.000          0.000          0.000
   365    12    31  2001      23       1  aq_071200020504           0.217          4.879          0.362          0.157          1.405         10.536          0.000          0.000          0.000          0.000          0.000          0.000          0.000          0.000          0.000          0.000          0.000
   365    12    31  2001      24       1  aq_071200020505           0.217          4.893          0.321          1.497          2.597         10.683          0.001          0.000          0.000          0.000          0.003          0.000          0.000          0.000          0.000          0.000          0.000
   365    12    31  2001      25       1  aq_071200020506           0.254          4.887          0.340          9.247          8.599         12.394          0.005          0.000          0.000          0.000          0.016          0.000          0.000          0.000          0.000          0.000          0.000
   365    12    31  2001      26       1  aq_071200020507           0.217          4.892          0.324          5.452          2.207         15.027          0.001          0.000          0.000          0.000          0.001          0.000          0.000          0.000          0.000          0.000          0.000
   365    12    31  2001      27       1  aq_071200020508           0.217          4.891          0.328          0.676          1.776         10.683          0.000          0.000          0.000          0.000          0.000          0.000          0.000          0.000          0.000          0.000          0.000
   365    12    31  2001      28       1  aq_071200020601           0.254          4.877          0.370          0.000          1.200         10.546          0.000          0.000          0.000          0.000          0.000          0.000          0.000          0.000          0.000          0.000          0.000
   365    12    31  2001      29       1  aq_071200020602           0.254          4.878          0.365          0.000          1.200         10.546          0.000          0.000          0.000          0.000          0.000          0.000          0.000          0.000          0.000          0.000          0.000
   365    12    31  2001      30       1  aq_071200020603           0.217          4.891          0.326          0.166          1.266         10.683          0.000          0.000          0.000          0.000          0.000          0.000          0.000          0.000          0.000          0.000          0.000
   365    12    31  2001      31       1  aq_071200020604           0.290          4.876          0.372          5.605          2.587         14.727          0.000          0.000          0.000          0.000          0.005          0.000          0.000          0.004          0.000          0.000          0.000
   365    12    31  2001      32       1  aq_071200020605           0.217          4.897          0.309          0.000          1.050         10.733          0.000          0.000          0.000          0.000          0.000          0.000          0.000          0.000          0.000          0.000          0.000
   365    12    31  2001      33       1  aq_071200020606           0.217          4.883          0.351          0.017          1.267         10.533          0.000          0.000          0.000          0.000          0.000          0.000          0.000          0.000          0.000          0.000          0.000
   365    12    31  2001      34       1  aq_071200020607           0.217          4.894          0.319          0.104          1.204         10.683          0.000          0.000          0.000          0.000          0.000          0.000          0.000          0.000          0.000          0.000          0.000
   365    12    31  2001      35       1  aq_071200020608           0.254          4.888          0.335          0.285          1.385         10.646          0.000          0.000          0.000          0.000          0.000          0.000          0.000          0.000          0.000          0.000          0.000
   365    12    31  2001      36       1  aq_071200020609           0.217          4.897          0.309          2.443          3.443         10.783          0.001          0.000          0.000          0.000          0.001          0.000          0.000          0.000          0.000          0.000          0.000
   365    12    31  2001      37       1  aq_071200020610           0.254          4.873          0.380         47.664          7.290         51.685          0.005          0.000          0.000          0.000          0.145          0.000          0.000          0.134          0.000          0.000          0.000
   365    12    31  2001      38       1  aq_071200020701           0.217          4.883          0.351          0.000          1.200         10.583          0.000          0.000          0.000          0.000          0.000          0.000          0.000          0.000          0.000          0.000          0.000
   365    12    31  2001      39       1  aq_071200020702           0.178          4.902          0.294          0.574          1.234         11.163          0.000          0.000          0.000          0.000          0.000          0.000          0.000          0.000          0.000          0.000          0.000
   365    12    31  2001      40       1  aq_071200020703           0.178          4.898          0.306          2.611          1.966         12.468          0.000          0.000          0.000          0.000          0.006          0.000          0.000          0.001          0.000          0.000          0.000
   365    12    31  2001      41       1  aq_071200020704           0.254          4.883          0.350          0.000          1.220         10.525          0.000          0.000          0.000          0.000          0.000          0.000          0.000          0.000          0.000          0.000          0.000
   365    12    31  2001      42       1  aq_071200020705           0.254          4.882          0.353          0.000          1.250         10.496          0.000          0.000          0.000          0.000          0.000          0.000          0.000          0.000          0.000          0.000          0.000
   365    12    31  2001      43       1  aq_071200020706           0.217          4.891          0.326          0.945          1.200         11.528          0.000          0.000          0.000          0.000          0.000          0.000          0.000          0.000          0.000          0.000          0.000
   365    12    31  2001      44       1  aq_071200020707           0.254          4.832          0.504        249.801          7.627        253.920          0.106          0.000          0.000          0.000          0.330          0.000          0.000          0.123          0.000          0.000          0.000
   365    12    31  2001      45       1  aq_071200020708           0.254          4.884          0.347          7.796          4.928         14.614          0.002          0.000          0.000          0.000          0.004          0.000          0.000          0.000          0.000          0.000          0.000
   365    12    31  2001      46       1  aq_071200020709           0.217          4.891          0.326          1.556          2.140         11.199          0.000          0.000          0.000          0.000          0.001          0.000          0.000          0.000          0.000          0.000          0.000
   365    12    31  2001      47       1  aq_071200020710           0.217          4.898          0.305          7.491          5.021         14.253          0.002          0.000          0.000          0.000          0.004          0.000          0.000          0.000          0.000          0.000          0.000
   365    12    31  2001      48       1  aq_071200020711           0.217          4.883          0.352          2.060          2.391         11.452          0.000          0.000          0.000          0.000          0.001          0.000          0.000          0.000          0.000          0.000          0.000
   365    12    31  2001      49       1  aq_071200020801           0.254          4.875          0.375          0.567          1.767         10.546          0.000          0.000          0.000          0.000          0.000          0.000          0.000          0.000          0.000          0.000          0.000
   365    12    31  2001      50       1  aq_071200020802           0.217          4.892          0.324          0.000          1.100         10.683          0.000          0.000          0.000          0.000          0.000          0.000          0.000          0.000          0.000          0.000          0.000
   365    12    31  2001      51       1  aq_071200020803           0.254          4.875          0.374          0.000          1.200         10.546          0.000          0.000          0.000          0.000          0.000          0.000          0.000          0.000          0.000          0.000          0.000
   365    12    31  2001      52       1  aq_071200020804           0.217          4.900          0.299          0.081          1.120         10.745          0.000          0.000          0.000          0.000          0.000          0.000          0.000          0.000          0.000          0.000          0.000
   365    12    31  2001      53       1  aq_071200020805           0.217          4.899          0.302          0.000          1.050         10.733          0.000          0.000          0.000          0.000          0.000          0.000          0.000          0.000          0.000          0.000          0.000
   365    12    31  2001      54       1  aq_071200020806           0.217          4.891          0.326          2.125          2.661         11.247          0.000          0.000          0.000          0.000          0.001          0.000          0.000          0.000          0.000          0.000          0.000
   365    12    31  2001      55       1  aq_071200020807           0.178          4.899          0.302          4.315          3.912         12.226          0.000          0.000          0.000          0.000          0.003          0.000          0.000          0.000          0.000          0.000          0.000
   365    12    31  2001      56       1  aq_071200020808           0.254          4.895          0.316         12.660         10.234         14.172          0.002          0.000          0.000          0.000          0.007          0.000          0.000          0.000          0.000          0.000          0.000
   365    12    31  2001      57       1  aq_071200020901           0.254          4.879          0.363          0.000          1.300         10.446          0.000          0.000          0.000          0.000          0.000          0.000          0.000          0.000          0.000          0.000          0.000
   365    12    31  2001      58       1  aq_071200020902           0.254          4.882          0.354          0.306          1.506         10.546          0.000          0.000          0.000          0.000          0.000          0.000          0.000          0.000          0.000          0.000          0.000
   365    12    31  2001      59       1  aq_071200021001           0.324          4.876          0.373         12.863          6.154         18.384          0.002          0.000          0.000          0.000          0.003          0.000          0.000          0.000          0.000          0.000          0.000
   365    12    31  2001      60       1  aq_071200021002           0.266          4.863          0.412         34.422          7.716         38.440          0.005          0.000          0.000          0.000          0.010          0.000          0.000          0.001          0.000          0.000          0.000
   365    12    31  2001      61       1  aq_071200021101           0.254          4.875          0.376         15.062          9.711         17.097          0.003          0.000          0.000          0.000          0.006          0.000          0.000          0.000          0.000          0.000          0.000
   365    12    31  2001      62       1  aq_071200021102           0.256          4.796          0.613         57.887          7.823         61.638          0.004          0.000          0.000          0.000          0.015          0.000          0.000          0.011          0.000          0.000          0.000
   365    12    31  2001      63       1  aq_071200021201           0.217          4.889          0.332          6.362          5.999         12.146          0.001          0.000          0.000          0.000          0.003          0.000          0.000          0.000          0.000          0.000          0.000
   365    12    31  2001      64       1  aq_071200021202           0.254          4.889          0.332         26.022          8.080         29.687          0.005          0.000          0.000          0.000          0.009          0.000          0.000          0.000          0.000          0.000          0.000
   365    12    31  2001      65       1  aq_071200021301           0.326          4.764          0.707         68.581          9.943         70.312          0.008          0.000          0.000          0.000          0.024          0.000          0.000          0.008          0.000          0.000          0.000
   365    12    31  2001      66       1  aq_071200021302           0.261          4.842          0.475         33.367          5.057         40.049          0.006          0.000          0.000          0.000          0.009          0.000          0.000          0.001          0.000          0.000          0.000
   365    12    31  2001      67       1  aq_071200021303           1.996          4.633          1.186        106.092         12.391         96.628          0.013          0.000          0.000          0.000          0.046          0.000          0.002          0.033          0.000          0.000          0.000
   365    12    31  2001      68       1  aq_071200021304           6.887          4.779          0.785         74.955          3.105         76.963          0.008          0.000          0.000          0.000          0.021          0.000          0.005          0.006          0.000          0.000          0.000
   365    12    31  2001      69       1  aq_071200021305           0.217          4.893          0.322          6.568          6.021         12.330          0.001          0.000          0.000          0.000          0.002          0.000          0.000          0.000          0.000          0.000          0.000
   365    12    31  2001      70       1  aq_071200021306          36.682          4.101          3.858        136.988          8.137         71.494          0.004          0.000          0.000          0.000          0.044          0.000          0.019          0.002          0.000          0.000          0.000
   365    12    31  2001      71       1  aq_071200021307           0.439          4.699          0.902        110.999         12.480        110.080          0.009          0.000          0.000          0.000          0.038          0.000          0.000          0.031          0.000          0.000          0.000
   365    12    31  2001      72       1  aq_071200021308           0.254          4.872          0.385         27.880          9.612         30.013          0.005          0.000          0.000          0.000          0.008          0.000          0.000          0.000          0.000          0.000          0.000
   365    12    31  2001      73       1  aq_071200021401           1.899          4.654          1.037         46.469          4.251         38.052          0.001          0.000          0.000          0.000          0.023          0.000          0.002          0.003          0.000          0.000          0.000
   365    12    31  2001      74       1  aq_071200021402           0.217          4.897          0.310          0.002          1.052         10.733          0.000          0.000          0.000          0.000          0.000          0.000          0.000          0.000          0.000          0.000          0.000
   365    12    31  2002       1       1  aq_071200020101        1071.629          2.428         39.545       1339.811         14.071        326.249          0.187          0.000          0.000          0.000          3.321          0.000          3.249          0.062          0.000          0.000          0.000
   365    12    31  2002       2       1  aq_071200020102         127.173          3.471          6.557        345.382         13.561        206.373          0.053          0.000          0.000          0.000          0.462          0.000          0.274          0.133          0.000          0.000          0.000
   365    12    31  2002       3       1  aq_071200020103           0.000          4.984          0.048         79.140         10.332         68.807          0.093          0.000          0.000          0.000          0.133          0.000          0.000          0.030          0.000          0.000          0.000
   365    12    31  2002       4       1  aq_071200020201           0.000          4.957          0.128         88.086         10.505         77.582          0.045          0.000          0.000          0.000          0.107          0.000          0.000          0.084          0.000          0.000          0.000
   365    12    31  2002       5       1  aq_071200020202           0.000          4.970          0.089         85.939         14.188         71.751          0.049          0.000          0.000          0.000          0.104          0.000          0.000          0.072          0.000          0.000          0.000
   365    12    31  2002       6       1  aq_071200020203           0.000          4.890          0.330        113.667         18.250         99.156          0.096          0.000          0.000          0.000          0.281          0.000          0.000          0.317          0.000          0.000          0.000
   365    12    31  2002       7       1  aq_071200020204           0.000          5.000          0.000          2.463          2.368          0.096          0.004          0.000          0.000          0.000          0.007          0.000          0.000          0.000          0.000          0.000          0.000
   365    12    31  2002       8       1  aq_071200020205           0.000          4.996          0.012         39.078         10.902         28.176          0.032          0.000          0.000          0.000          0.055          0.000          0.000          0.028          0.000          0.000          0.000
   365    12    31  2002       9       1  aq_071200020206          29.971          4.435          2.238        264.600         17.559        217.070          0.055          0.000          0.000          0.000          0.287          0.000          0.106          0.181          0.000          0.000          0.000
   365    12    31  2002      10       1  aq_071200020301           3.407          4.623          1.152        177.979         17.908        158.000          0.090          0.000          0.000          0.000          0.276          0.000          0.014          0.104          0.000          0.000          0.000
   365    12    31  2002      11       1  aq_071200020302           0.041          4.773          0.680        110.666         12.361        101.537          0.049          0.000          0.000          0.000          0.171          0.000          0.000          0.174          0.000          0.000          0.000
   365    12    31  2002      12       1  aq_071200020303          67.514          4.416          3.151        229.694         12.943        149.237          0.061          0.000          0.000          0.000          0.245          0.000          0.106          0.114          0.000          0.000          0.000
   365    12    31  2002      13       1  aq_071200020304           0.000          4.998          0.007         22.175          9.481         12.694          0.024          0.000          0.000          0.000          0.044          0.000          0.000          0.008          0.000          0.000          0.000
   365    12    31  2002      14       1  aq_071200020305           0.000          4.999          0.003         35.820          8.190         27.623          0.012          0.000          0.000          0.000          0.095          0.000          0.000          0.096          0.000          0.000          0.000
   365    12    31  2002      15       1  aq_071200020401           0.089          4.920          0.239         93.123          9.449         81.333          0.059          0.000          0.000          0.000          0.098          0.000          0.000          0.056          0.000          0.000          0.000
   365    12    31  2002      16       1  aq_071200020402           0.000          5.000          0.000          4.859          0.703          4.156          0.023          0.000          0.000          0.000          0.009          0.000          0.000          0.009          0.000          0.000          0.000
   365    12    31  2002      17       1  aq_071200020403           0.000          4.998          0.006          7.019          0.804          6.215          0.004          0.000          0.000          0.000          0.005          0.000          0.000          0.001          0.000          0.000          0.000
   365    12    31  2002      18       1  aq_071200020404           0.000          4.997          0.009         93.554         13.080         80.474          0.290          0.000          0.000          0.000          0.465          0.000          0.000          0.018          0.000          0.000          0.000
   365    12    31  2002      19       1  aq_071200020405           0.758          4.838          0.487        126.585         10.481        115.347          0.204          0.000          0.000          0.000          0.411          0.000          0.008          0.138          0.000          0.000          0.000
   365    12    31  2002      20       1  aq_071200020501           0.000          4.944          0.168         64.583          8.169         56.414          0.028          0.000          0.000          0.000          0.070          0.000          0.000          0.033          0.000          0.000          0.000
   365    12    31  2002      21       1  aq_071200020502           0.000          4.996          0.011          8.264          0.691          7.572          0.016          0.000          0.000          0.000          0.006          0.000          0.000          0.001          0.000          0.000          0.000
   365    12    31  2002      22       1  aq_071200020503           0.000          4.974          0.079         78.853          7.945         70.908          0.062          0.000          0.000          0.000          0.243          0.000          0.000          0.154          0.000          0.000          0.000
   365    12    31  2002      23       1  aq_071200020504           0.000          5.000          0.000          0.015          0.015          0.000          0.000          0.000          0.000          0.000          0.000          0.000          0.000          0.000          0.000          0.000          0.000
   365    12    31  2002      24       1  aq_071200020505           0.000          5.000          0.000         15.900         11.623          4.278          0.032          0.000          0.000          0.000          0.087          0.000          0.000          0.000          0.000          0.000          0.000
   365    12    31  2002      25       1  aq_071200020506           0.000          5.000          0.000          4.717          4.717          0.000          0.030          0.000          0.000          0.000          0.019          0.000          0.000          0.000          0.000          0.000          0.000
   365    12    31  2002      26       1  aq_071200020507           0.000          5.000          0.000          7.054          5.989          1.065          0.006          0.000          0.000          0.000          0.014          0.000          0.000          0.000          0.000          0.000          0.000
   365    12    31  2002      27       1  aq_071200020508           0.000          5.000          0.001        174.570         14.722        159.849          0.150          0.000          0.000          0.000          0.271          0.000          0.000          0.004          0.000          0.000          0.000
   365    12    31  2002      28       1  aq_071200020601           0.000          5.000          0.000          0.035          0.035          0.000          0.000          0.000          0.000          0.000          0.000          0.000          0.000          0.000          0.000          0.000          0.000
   365    12    31  2002      29       1  aq_071200020602           0.000          5.000          0.000          0.413          0.413          0.000          0.000          0.000          0.000          0.000          0.001          0.000          0.000          0.000          0.000          0.000          0.000
   365    12    31  2002      30       1  aq_071200020603           0.000          5.000          0.000          0.152          0.152          0.000          0.000          0.000          0.000          0.000          0.000          0.000          0.000          0.000          0.000          0.000          0.000
   365    12    31  2002      31       1  aq_071200020604           0.000          5.000          0.000         30.656         12.866         17.790          0.032          0.000          0.000          0.000          0.053          0.000          0.000          0.002          0.000          0.000          0.000
   365    12    31  2002      32       1  aq_071200020605           0.000          5.000          0.000          3.300          3.296          0.004          0.003          0.000          0.000          0.000          0.010          0.000          0.000          0.000          0.000          0.000          0.000
   365    12    31  2002      33       1  aq_071200020606           0.000          5.000          0.000          0.000          0.000          0.000          0.000          0.000          0.000          0.000          0.000          0.000          0.000          0.000          0.000          0.000          0.000
   365    12    31  2002      34       1  aq_071200020607           0.000          4.992          0.025         36.982          9.657         26.771          0.019          0.000          0.000          0.000          0.061          0.000          0.000          0.057          0.000          0.000          0.000
   365    12    31  2002      35       1  aq_071200020608           0.000          5.000          0.000         13.592          3.123         10.469          0.014          0.000          0.000          0.000          0.020          0.000          0.000          0.000          0.000          0.000          0.000
   365    12    31  2002      36       1  aq_071200020609           0.000          5.000          0.000          0.111          0.111          0.000          0.001          0.000          0.000          0.000          0.000          0.000          0.000          0.000          0.000          0.000          0.000
   365    12    31  2002      37       1  aq_071200020610           0.000          4.948          0.156        117.507         16.533        101.409          0.351          0.000          0.000          0.000          0.821          0.000          0.000          0.249          0.000          0.000          0.000
   365    12    31  2002      38       1  aq_071200020701           0.000          5.000          0.000          0.018          0.018          0.000          0.000          0.000          0.000          0.000          0.000          0.000          0.000          0.000          0.000          0.000          0.000
   365    12    31  2002      39       1  aq_071200020702           0.000          5.000          0.000          0.014          0.014          0.000          0.000          0.000          0.000          0.000          0.000          0.000          0.000          0.000          0.000          0.000          0.000
   365    12    31  2002      40       1  aq_071200020703           0.000          4.983          0.050         16.520          6.775          9.746          0.034          0.000          0.000          0.000          0.039          0.000          0.000          0.003          0.000          0.000          0.000
   365    12    31  2002      41       1  aq_071200020704           0.000          4.976          0.071         17.733          5.437         12.296          0.004          0.000          0.000          0.000          0.037          0.000          0.000          0.023          0.000          0.000          0.000
   365    12    31  2002      42       1  aq_071200020705           0.000          4.960          0.119         11.974          2.308          9.665          0.001          0.000          0.000          0.000          0.020          0.000          0.000          0.018          0.000          0.000          0.000
   365    12    31  2002      43       1  aq_071200020706           0.000          4.989          0.033         38.285          3.313         34.971          0.019          0.000          0.000          0.000          0.029          0.000          0.000          0.002          0.000          0.000          0.000
   365    12    31  2002      44       1  aq_071200020707           0.000          5.000          0.000          0.098          0.098          0.000          0.207          0.000          0.000          0.000          0.000          0.000          0.000          0.000          0.000          0.000          0.000
   365    12    31  2002      45       1  aq_071200020708           0.000          4.995          0.016         27.956         10.529         17.121          0.012          0.000          0.000          0.000          0.060          0.000          0.000          0.053          0.000          0.000          0.000
   365    12    31  2002      46       1  aq_071200020709           0.000          5.000          0.000          7.527          5.485          2.041          0.007          0.000          0.000          0.000          0.012          0.000          0.000          0.000          0.000          0.000          0.000
   365    12    31  2002      47       1  aq_071200020710           0.000          5.000          0.000          0.000          0.000          0.000          0.004          0.000          0.000          0.000          0.000          0.000          0.000          0.000          0.000          0.000          0.000
   365    12    31  2002      48       1  aq_071200020711           0.000          4.998          0.005        166.797          9.096        157.701          0.639          0.000          0.000          0.000          1.175          0.000          0.000          0.028          0.000          0.000          0.000
   365    12    31  2002      49       1  aq_071200020801           0.000          5.000          0.000          0.003          0.003          0.000          0.000          0.000          0.000          0.000          0.000          0.000          0.000          0.000          0.000          0.000          0.000
   365    12    31  2002      50       1  aq_071200020802           0.000          5.000          0.000          0.007          0.007          0.000          0.000          0.000          0.000          0.000          0.000          0.000          0.000          0.000          0.000          0.000          0.000
   365    12    31  2002      51       1  aq_071200020803           0.000          5.000          0.000          2.351          0.849          1.503          0.002          0.000          0.000          0.000          0.003          0.000          0.000          0.000          0.000          0.000          0.000
   365    12    31  2002      52       1  aq_071200020804           0.000          5.000          0.000          0.004          0.004          0.000          0.000          0.000          0.000          0.000          0.000          0.000          0.000          0.000          0.000          0.000          0.000
   365    12    31  2002      53       1  aq_071200020805           0.000          5.000          0.000          1.029          0.803          0.226          0.000          0.000          0.000          0.000          0.003          0.000          0.000          0.000          0.000          0.000          0.000
   365    12    31  2002      54       1  aq_071200020806           0.000          5.000          0.000         23.885         15.784          8.101          0.015          0.000          0.000          0.000          0.042          0.000          0.000          0.000          0.000          0.000          0.000
   365    12    31  2002      55       1  aq_071200020807           0.000          4.985          0.045         54.081         11.576         42.506          0.031          0.000          0.000          0.000          0.076          0.000          0.000          0.033          0.000          0.000          0.000
   365    12    31  2002      56       1  aq_071200020808           0.000          5.000          0.000        112.594         12.686         99.908          0.223          0.000          0.000          0.000          0.352          0.000          0.000          0.000          0.000          0.000          0.000
   365    12    31  2002      57       1  aq_071200020901           0.000          5.000          0.000          1.555          1.555          0.000          0.000          0.000          0.000          0.000          0.002          0.000          0.000          0.000          0.000          0.000          0.000
   365    12    31  2002      58       1  aq_071200020902           0.000          5.000          0.000          0.539          0.487          0.052          0.000          0.000          0.000          0.000          0.001          0.000          0.000          0.000          0.000          0.000          0.000
   365    12    31  2002      59       1  aq_071200021001          26.441          4.457          1.759        173.074         15.363        118.210          0.205          0.000          0.000          0.000          0.900          0.000          0.543          0.158          0.000          0.000          0.000
   365    12    31  2002      60       1  aq_071200021002          36.009          4.651          1.901        139.137         10.992         92.135          0.028          0.000          0.000          0.000          0.139          0.000          0.058          0.052          0.000          0.000          0.000
   365    12    31  2002      61       1  aq_071200021101           0.000          4.999          0.004         64.889         14.619         50.271          0.029          0.000          0.000          0.000          0.064          0.000          0.000          0.065          0.000          0.000          0.000
   365    12    31  2002      62       1  aq_071200021102          41.036          4.358          2.799        243.165         15.210        187.088          0.045          0.000          0.000          0.000          0.181          0.000          0.050          0.128          0.000          0.000          0.000
   365    12    31  2002      63       1  aq_071200021201           0.000          5.000          0.000         13.250          7.872          5.377          0.015          0.000          0.000          0.000          0.020          0.000          0.000          0.000          0.000          0.000          0.000
   365    12    31  2002      64       1  aq_071200021202           0.000          5.000          0.001         19.393          5.246         14.147          0.020          0.000          0.000          0.000          0.020          0.000          0.000          0.003          0.000          0.000          0.000
   365    12    31  2002      65       1  aq_071200021301          17.080          4.570          1.407        185.293         13.581        154.632          0.077          0.000          0.000          0.000          0.207          0.000          0.052          0.057          0.000          0.000          0.000
   365    12    31  2002      66       1  aq_071200021302           0.000          4.979          0.062         40.264          5.909         34.355          0.028          0.000          0.000          0.000          0.042          0.000          0.000          0.027          0.000          0.000          0.000
   365    12    31  2002      67       1  aq_071200021303          23.686          4.392          2.704        221.699         15.837        189.252          0.062          0.000          0.000          0.000          0.268          0.000          0.106          0.155          0.000          0.000          0.000
   365    12    31  2002      68       1  aq_071200021304          69.333          3.718          7.839        366.561          9.094        222.423          0.055          0.000          0.000          0.000          0.314          0.000          0.166          0.037          0.000          0.000          0.000
   365    12    31  2002      69       1  aq_071200021305           0.000          5.000          0.000          3.010          2.944          0.066          0.003          0.000          0.000          0.000          0.003          0.000          0.000          0.000          0.000          0.000          0.000
   365    12    31  2002      70       1  aq_071200021306         300.085          3.560         17.486        457.368         16.958        167.466          0.047          0.000          0.000          0.000          0.303          0.000          0.222          0.072          0.000          0.000          0.000
   365    12    31  2002      71       1  aq_071200021307           0.050          4.914          0.258        141.698         18.039        123.609          0.049          0.000          0.000          0.000          0.144          0.000          0.000          0.098          0.000          0.000          0.000
   365    12    31  2002      72       1  aq_071200021308           0.000          5.000          0.000         10.984          6.564          4.420          0.016          0.000          0.000          0.000          0.011          0.000          0.000          0.000          0.000          0.000          0.000
   365    12    31  2002      73       1  aq_071200021401          21.911          4.366          2.046        110.739         13.280         75.118          0.038          0.000          0.000          0.000          0.097          0.000          0.027          0.029          0.000          0.000          0.000
   365    12    31  2002      74       1  aq_071200021402           0.000          4.999          0.003          6.161          1.491          4.670          0.000          0.000          0.000          0.000          0.004          0.000          0.000          0.004          0.000          0.000          0.000
   365    12    31  2003       1       1  aq_071200020101         673.099          2.879         16.818       1026.365         11.466        407.349          0.287          0.000          0.000          0.000          4.166          0.000          3.962          0.073          0.000          0.000          0.000
   365    12    31  2003       2       1  aq_071200020102          54.050          4.103          3.276        265.780         11.669        208.935          0.196          0.000          0.000          0.000          0.635          0.000          0.278          0.381          0.000          0.000          0.000
   365    12    31  2003       3       1  aq_071200020103           0.000          4.999          0.002         81.238         12.641         68.596          0.158          0.000          0.000          0.000          0.202          0.000          0.000          0.146          0.000          0.000          0.000
   365    12    31  2003       4       1  aq_071200020201           0.000          5.000          0.001         43.677          9.152         34.526          0.071          0.000          0.000          0.000          0.086          0.000          0.000          0.066          0.000          0.000          0.000
   365    12    31  2003       5       1  aq_071200020202           0.000          4.933          0.200        151.657         18.248        128.250          0.163          0.000          0.000          0.000          0.404          0.000          0.000          0.406          0.000          0.000          0.000
   365    12    31  2003       6       1  aq_071200020203           0.000          5.000          0.000         25.414         11.616         13.806          0.078          0.000          0.000          0.000          0.110          0.000          0.000          0.000          0.000          0.000          0.000
   365    12    31  2003       7       1  aq_071200020204           0.000          5.000          0.000          0.000          0.000          0.000          0.007          0.000          0.000          0.000          0.000          0.000          0.000          0.000          0.000          0.000          0.000
   365    12    31  2003       8       1  aq_071200020205           0.000          5.000          0.001         21.203          8.239         12.963          0.054          0.000          0.000          0.000          0.059          0.000          0.000          0.033          0.000          0.000          0.000
   365    12    31  2003       9       1  aq_071200020206          27.030          4.523          1.774        169.421         14.181        119.479          0.068          0.000          0.000          0.000          0.281          0.000          0.142          0.032          0.000          0.000          0.000
   365    12    31  2003      10       1  aq_071200020301           0.509          4.874          0.385         69.814         13.049         56.256          0.279          0.000          0.000          0.000          0.259          0.000          0.014          0.085          0.000          0.000          0.000
   365    12    31  2003      11       1  aq_071200020302           0.000          4.998          0.005         74.341         10.643         63.699          0.108          0.000          0.000          0.000          0.205          0.000          0.000          0.057          0.000          0.000          0.000
   365    12    31  2003      12       1  aq_071200020303           4.544          4.460          1.710        105.982         10.571         88.183          0.094          0.000          0.000          0.000          0.183          0.000          0.040          0.076          0.000          0.000          0.000
   365    12    31  2003      13       1  aq_071200020304           0.000          4.997          0.008         26.224         11.037         15.187          0.091          0.000          0.000          0.000          0.147          0.000          0.000          0.143          0.000          0.000          0.000
   365    12    31  2003      14       1  aq_071200020305           0.000          4.940          0.180        104.931         15.933         87.460          0.168          0.000          0.000          0.000          0.513          0.000          0.000          0.399          0.000          0.000          0.000
   365    12    31  2003      15       1  aq_071200020401           0.000          4.976          0.072         50.231         11.608         40.102          0.086          0.000          0.000          0.000          0.098          0.000          0.000          0.055          0.000          0.000          0.000
   365    12    31  2003      16       1  aq_071200020402           0.000          4.975          0.076         43.275          5.585         37.690          0.286          0.000          0.000          0.000          0.428          0.000          0.000          0.028          0.000          0.000          0.000
   365    12    31  2003      17       1  aq_071200020403           0.000          4.989          0.034         16.486          1.466         15.020          0.010          0.000          0.000          0.000          0.027          0.000          0.000          0.015          0.000          0.000          0.000
   365    12    31  2003      18       1  aq_071200020404           0.000          5.000          0.001         15.096          3.167         11.929          0.421          0.000          0.000          0.000          0.131          0.000          0.000          0.563          0.000          0.000          0.000
   365    12    31  2003      19       1  aq_071200020405           2.826          4.669          0.993         67.320          4.819         59.675          0.222          0.000          0.000          0.000          0.377          0.000          0.068          0.439          0.000          0.000          0.000
   365    12    31  2003      20       1  aq_071200020501           0.190          4.924          0.228         43.170          3.366         39.208          0.042          0.000          0.000          0.000          0.062          0.000          0.001          0.065          0.000          0.000          0.000
   365    12    31  2003      21       1  aq_071200020502           0.000          4.995          0.014         33.381          4.706         28.675          0.049          0.000          0.000          0.000          0.072          0.000          0.000          0.033          0.000          0.000          0.000
   365    12    31  2003      22       1  aq_071200020503           0.000          4.998          0.007          3.895          0.306          3.590          0.090          0.000          0.000          0.000          0.007          0.000          0.000          0.012          0.000          0.000          0.000
   365    12    31  2003      23       1  aq_071200020504           0.000          5.000          0.000          1.244          1.100          0.144          0.002          0.000          0.000          0.000          0.005          0.000          0.000          0.000          0.000          0.000          0.000
   365    12    31  2003      24       1  aq_071200020505           0.000          5.000          0.000         27.603         16.078         11.524          0.223          0.000          0.000          0.000          0.285          0.000          0.000          0.000          0.000          0.000          0.000
   365    12    31  2003      25       1  aq_071200020506           0.000          5.000          0.000          0.454          0.439          0.015          0.037          0.000          0.000          0.000          0.002          0.000          0.000          0.000          0.000          0.000          0.000
   365    12    31  2003      26       1  aq_071200020507          13.005          4.663          1.331        129.781          8.293        108.483          0.085          0.000          0.000          0.000          0.184          0.000          0.057          0.023          0.000          0.000          0.000
   365    12    31  2003      27       1  aq_071200020508           0.000          4.978          0.067        225.076         17.155        207.921          0.306          0.000          0.000          0.000          0.598          0.000          0.000          0.863          0.000          0.000          0.000
   365    12    31  2003      28       1  aq_071200020601           0.000          5.000          0.000          0.054          0.054          0.000          0.000          0.000          0.000          0.000          0.000          0.000          0.000          0.000          0.000          0.000          0.000
   365    12    31  2003      29       1  aq_071200020602           0.000          5.000          0.000          0.074          0.074          0.000          0.001          0.000          0.000          0.000          0.000          0.000          0.000          0.000          0.000          0.000          0.000
   365    12    31  2003      30       1  aq_071200020603           0.000          5.000          0.000          0.041          0.041          0.000          0.000          0.000          0.000          0.000          0.000          0.000          0.000          0.000          0.000          0.000          0.000
   365    12    31  2003      31       1  aq_071200020604           0.000          4.998          0.005         36.338         10.411         25.927          0.069          0.000          0.000          0.000          0.111          0.000          0.000          0.153          0.000          0.000          0.000
   365    12    31  2003      32       1  aq_071200020605           0.000          5.000          0.000          1.187          1.187          0.000          0.014          0.000          0.000          0.000          0.006          0.000          0.000          0.000          0.000          0.000          0.000
   365    12    31  2003      33       1  aq_071200020606           0.000          5.000          0.000          0.003          0.003          0.000          0.000          0.000          0.000          0.000          0.000          0.000          0.000          0.000          0.000          0.000          0.000
   365    12    31  2003      34       1  aq_071200020607           0.000          5.000          0.001         23.049          6.934         16.669          0.041          0.000          0.000          0.000          0.059          0.000          0.000          0.001          0.000          0.000          0.000
   365    12    31  2003      35       1  aq_071200020608           0.000          5.000          0.000          0.000          0.000          0.000          0.020          0.000          0.000          0.000          0.000          0.000          0.000          0.000          0.000          0.000          0.000
   365    12    31  2003      36       1  aq_071200020609           0.000          5.000          0.000         15.486          8.219          7.266          0.020          0.000          0.000          0.000          0.038          0.000          0.000          0.000          0.000          0.000          0.000
   365    12    31  2003      37       1  aq_071200020610           0.000          5.000          0.000         61.550         13.981         47.569          0.977          0.000          0.000          0.000          0.667          0.000          0.000          0.000          0.000          0.000          0.000
   365    12    31  2003      38       1  aq_071200020701           0.000          5.000          0.000          0.797          0.797          0.000          0.002          0.000          0.000          0.000          0.003          0.000          0.000          0.000          0.000          0.000          0.000
   365    12    31  2003      39       1  aq_071200020702           0.000          5.000          0.000          1.324          0.800          0.524          0.001          0.000          0.000          0.000          0.002          0.000          0.000          0.000          0.000          0.000          0.000
   365    12    31  2003      40       1  aq_071200020703           0.000          5.000          0.000          3.600          1.466          2.134          0.055          0.000          0.000          0.000          0.021          0.000          0.000          0.000          0.000          0.000          0.000
   365    12    31  2003      41       1  aq_071200020704           0.000          5.000          0.000         23.557         14.499          9.058          0.061          0.000          0.000          0.000          0.090          0.000          0.000          0.000          0.000          0.000          0.000
   365    12    31  2003      42       1  aq_071200020705           0.000          4.999          0.004         29.830         11.711         18.120          0.058          0.000          0.000          0.000          0.094          0.000          0.000          0.012          0.000          0.000          0.000
   365    12    31  2003      43       1  aq_071200020706           0.000          5.000          0.000         19.545          1.133         18.412          0.041          0.000          0.000          0.000          0.022          0.000          0.000          0.000          0.000          0.000          0.000
   365    12    31  2003      44       1  aq_071200020707           0.000          4.995          0.014        217.152          6.556        210.596          0.813          0.000          0.000          0.000          1.212          0.000          0.000          0.153          0.000          0.000          0.000
   365    12    31  2003      45       1  aq_071200020708           0.000          4.996          0.013        135.280         14.158        121.427          0.135          0.000          0.000          0.000          0.379          0.000          0.000          0.155          0.000          0.000          0.000
   365    12    31  2003      46       1  aq_071200020709           0.000          5.000          0.000          3.468          2.608          0.861          0.017          0.000          0.000          0.000          0.008          0.000          0.000          0.000          0.000          0.000          0.000
   365    12    31  2003      47       1  aq_071200020710           0.000          5.000          0.000          0.000          0.000          0.000          0.004          0.000          0.000          0.000          0.000          0.000          0.000          0.000          0.000          0.000          0.000
   365    12    31  2003      48       1  aq_071200020711           0.390          4.921          0.236        106.978         12.357         82.724          1.451          0.000          0.000          0.000          1.230          0.000          0.018          1.849          0.000          0.000          0.000
   365    12    31  2003      49       1  aq_071200020801           0.000          5.000          0.000          7.393          1.350          6.043          0.053          0.000          0.000          0.000          0.085          0.000          0.000          0.009          0.000          0.000          0.000
   365    12    31  2003      50       1  aq_071200020802           0.000          5.000          0.000          2.184          2.167          0.016          0.004          0.000          0.000          0.000          0.006          0.000          0.000          0.000          0.000          0.000          0.000
   365    12    31  2003      51       1  aq_071200020803           0.000          5.000          0.000          5.086          1.005          4.082          0.011          0.000          0.000          0.000          0.012          0.000          0.000          0.000          0.000          0.000          0.000
   365    12    31  2003      52       1  aq_071200020804           0.000          5.000          0.000          4.107          3.981          0.126          0.005          0.000          0.000          0.000          0.008          0.000          0.000          0.000          0.000          0.000          0.000
   365    12    31  2003      53       1  aq_071200020805           0.000          4.985          0.046        271.885         18.223        253.662          1.133          0.000          0.000          0.000          2.663          0.000          0.000          0.565          0.000          0.000          0.000
   365    12    31  2003      54       1  aq_071200020806           0.000          5.000          0.000         48.022         17.300         30.723          0.123          0.000          0.000          0.000          0.153          0.000          0.000          0.000          0.000          0.000          0.000
   365    12    31  2003      55       1  aq_071200020807           0.000          5.000          0.001         35.815         10.430         25.384          0.059          0.000          0.000          0.000          0.088          0.000          0.000          0.058          0.000          0.000          0.000
   365    12    31  2003      56       1  aq_071200020808           0.000          4.997          0.009        232.118         15.891        216.227          0.673          0.000          0.000          0.000          1.443          0.000          0.000          0.669          0.000          0.000          0.000
   365    12    31  2003      57       1  aq_071200020901           0.000          5.000          0.000         11.257          9.566          1.691          0.013          0.000          0.000          0.000          0.038          0.000          0.000          0.034          0.000          0.000          0.000
   365    12    31  2003      58       1  aq_071200020902           0.000          5.000          0.000         33.959         15.150         18.809          0.037          0.000          0.000          0.000          0.098          0.000          0.000          0.000          0.000          0.000          0.000
   365    12    31  2003      59       1  aq_071200021001          42.702          4.218          2.346        328.630         18.250        280.739          1.521          0.000          0.000          0.000          3.949          0.000          0.869          2.604          0.000          0.000          0.000
   365    12    31  2003      60       1  aq_071200021002          41.056          4.632          1.900        274.804         11.069        222.678          0.236          0.000          0.000          0.000          0.578          0.000          0.157          0.043          0.000          0.000          0.000
   365    12    31  2003      61       1  aq_071200021101           0.000          5.000          0.000         27.768         11.698         16.070          0.026          0.000          0.000          0.000          0.044          0.000          0.000          0.009          0.000          0.000          0.000
   365    12    31  2003      62       1  aq_071200021102           0.014          4.893          0.321         92.646          9.135         83.497          0.076          0.000          0.000          0.000          0.116          0.000          0.000          0.017          0.000          0.000          0.000
   365    12    31  2003      63       1  aq_071200021201           0.000          5.000          0.000          3.768          3.599          0.169          0.026          0.000          0.000          0.000          0.006          0.000          0.000          0.000          0.000          0.000          0.000
   365    12    31  2003      64       1  aq_071200021202           0.000          5.000          0.000         43.048          9.279         33.769          0.057          0.000          0.000          0.000          0.072          0.000          0.000          0.091          0.000          0.000          0.000
   365    12    31  2003      65       1  aq_071200021301           0.216          4.758          0.726        126.324         13.074        112.065          0.130          0.000          0.000          0.000          0.246          0.000          0.001          0.228          0.000          0.000          0.000
   365    12    31  2003      66       1  aq_071200021302           0.697          4.755          0.805        128.673          8.246        119.730          0.179          0.000          0.000          0.000          0.306          0.000          0.008          0.069          0.000          0.000          0.000
   365    12    31  2003      67       1  aq_071200021303          19.337          4.532          1.750        175.296         13.799        131.296          0.143          0.000          0.000          0.000          0.356          0.000          0.099          0.056          0.000          0.000          0.000
   365    12    31  2003      68       1  aq_071200021304         242.226          3.235         18.843        445.591         10.931        258.144          0.139          0.000          0.000          0.000          0.772          0.000          0.710          0.026          0.000          0.000          0.000
   365    12    31  2003      69       1  aq_071200021305           0.000          5.000          0.001         21.814          7.507         14.307          0.026          0.000          0.000          0.000          0.033          0.000          0.000          0.002          0.000          0.000          0.000
   365    12    31  2003      70       1  aq_071200021306         220.925          3.947         10.652        441.641         12.762        201.435          0.092          0.000          0.000          0.000          0.507          0.000          0.324          0.199          0.000          0.000          0.000
   365    12    31  2003      71       1  aq_071200021307           0.000          4.930          0.211         87.496         10.985         76.510          0.086          0.000          0.000          0.000          0.141          0.000          0.000          0.193          0.000          0.000          0.000
   365    12    31  2003      72       1  aq_071200021308           2.634          4.833          0.501        377.825         15.312        359.879          1.357          0.000          0.000          0.000          3.351          0.000          0.065          0.684          0.000          0.000          0.000
   365    12    31  2003      73       1  aq_071200021401           7.419          4.654          1.074         59.883         11.746         55.415          0.070          0.000          0.000          0.000          0.104          0.000          0.028          0.041          0.000          0.000          0.000
   365    12    31  2003      74       1  aq_071200021402          12.777          4.619          1.235        107.652          7.646         87.229          0.031          0.000          0.000          0.000          0.106          0.000          0.043          0.025          0.000          0.000          0.000
