 ceap_07120002             SWAT+ Jun 17  2020    MODULAR Rev 2020.60.4                                    
       year     plant_no   plant_name       harv_area(ha)    yld(t)         yld(t/ha)      
        2001           1 corn               270036.469       3668739.75       13.5860901    
        2001           2 soyb               189626.125       717246.750       3.78242588    
        2001           3 wwht               0.00000000       0.00000000       0.00000000    
        2001           4 csil               3986.48145       61647.0273       15.4640198    
        2001           5 wetn               0.00000000       0.00000000       0.00000000    
        2001           6 frsd               0.00000000       0.00000000       0.00000000    
        2001           7 urbn               0.00000000       0.00000000       0.00000000    
        2001           8 fesc               680.237854       2161.79224       3.17799473    
        2001           9 frse               0.00000000       0.00000000       0.00000000    
        2001          10 barn               0.00000000       0.00000000       0.00000000    
        2001          11 rngb               0.00000000       0.00000000       0.00000000    
        2001          12 alfa               3277.60938       11661.0322       3.55778575    
        2001          13 toma               275.235779       956.483215       3.47514129    
        2001          14 oats               21.9580002       25.3244095       1.15331113    
        2001          15 grsg               63.4025497       325.530548       5.13434458    
        2001          16 swht               0.00000000       0.00000000       0.00000000    
        2001          17 pota               68.0094528       0.00000000       0.00000000    
        2001          18 frst               0.00000000       0.00000000       0.00000000    
        2001          19 wbar               0.00000000       0.00000000       0.00000000    
        2002           1 corn               239658.328       3035844.50       12.6673861    
        2002           2 soyb               226024.984       767496.938       3.39562869    
        2002           3 wwht               5726.76953       18156.1621       3.17040205    
        2002           4 csil               1066.43738       17418.6777       16.3335209    
        2002           5 wetn               0.00000000       0.00000000       0.00000000    
        2002           6 frsd               0.00000000       0.00000000       0.00000000    
        2002           7 urbn               0.00000000       0.00000000       0.00000000    
        2002           8 fesc               346.335876       1788.92725       5.16529560    
        2002           9 frse               0.00000000       0.00000000       0.00000000    
        2002          10 barn               0.00000000       0.00000000       0.00000000    
        2002          11 rngb               0.00000000       0.00000000       0.00000000    
        2002          12 alfa               3277.60938       9923.09570       3.02754068    
        2002          13 toma               275.235779       1202.80188       4.37007809    
        2002          14 oats               21.9580002       33.1510239       1.50974679    
        2002          15 grsg               0.00000000       0.00000000       0.00000000    
        2002          16 swht               14.5928497       57.6836853       3.95287299    
        2002          17 pota               143.508713       0.00000000       0.00000000    
        2002          18 frst               0.00000000       0.00000000       0.00000000    
        2002          19 wbar               0.00000000       0.00000000       0.00000000    
        2003           1 corn               270036.469       3627266.00       13.4325047    
        2003           2 soyb               189626.125       687924.625       3.62779450    
        2003           3 wwht               497.975830       1728.19153       3.47043252    
        2003           4 csil               3986.48145       60499.5547       15.1761789    
        2003           5 wetn               0.00000000       0.00000000       0.00000000    
        2003           6 frsd               0.00000000       0.00000000       0.00000000    
        2003           7 urbn               0.00000000       0.00000000       0.00000000    
        2003           8 fesc               906.488159       5869.87256       6.47539902    
        2003           9 frse               0.00000000       0.00000000       0.00000000    
        2003          10 barn               0.00000000       0.00000000       0.00000000    
        2003          11 rngb               0.00000000       0.00000000       0.00000000    
        2003          12 alfa               3277.60938       10044.8516       3.06468844    
        2003          13 toma               275.235779       1208.98926       4.39255857    
        2003          14 oats               21.9580002       43.3364105       1.97360444    
        2003          15 grsg               63.4025497       426.578735       6.72810078    
        2003          16 swht               0.00000000       0.00000000       0.00000000    
        2003          17 pota               68.0094528       0.00000000       0.00000000    
        2003          18 frst               0.00000000       0.00000000       0.00000000    
        2003          19 wbar               0.00000000       0.00000000       0.00000000    
