 ceap_07120002             SWAT+ Jun 17  2020    MODULAR Rev 2020.60.4                                    
       year     plant_no   plant_name       harv_area(ha)    yld(t)         yld(t/ha)      
        2003           1 corn               259910.422       3443950.00       13.2505274    
        2003           2 soyb               201759.078       724222.812       3.58954263    
        2003           3 wwht               2074.91504       6628.11768       3.19440436    
        2003           4 csil               3013.13354       46521.7500       15.4396582    
        2003           5 wetn               0.00000000       0.00000000       0.00000000    
        2003           6 frsd               0.00000000       0.00000000       0.00000000    
        2003           7 urbn               0.00000000       0.00000000       0.00000000    
        2003           8 fesc               644.353943       3273.53052       5.08032990    
        2003           9 frse               0.00000000       0.00000000       0.00000000    
        2003          10 barn               0.00000000       0.00000000       0.00000000    
        2003          11 rngb               0.00000000       0.00000000       0.00000000    
        2003          12 alfa               3277.60938       10542.9932       3.21667171    
        2003          13 toma               275.235779       1122.75818       4.07925940    
        2003          14 oats               21.9580002       33.9372826       1.54555428    
        2003          15 grsg               42.2683678       250.703079       5.93122244    
        2003          16 swht               4.86428308       19.2278957       3.95287299    
        2003          17 pota               93.1758728       0.00000000       0.00000000    
        2003          18 frst               0.00000000       0.00000000       0.00000000    
        2003          19 wbar               0.00000000       0.00000000       0.00000000    
