 ceap_07120002             SWAT+ Jun 17  2020    MODULAR Rev 2020.60.4                                    
   jday   mon   day    yr   unit  gis_id  name                    flo_in          aqu_in         flo_out           peakr         sed_in        sed_out         washld          bedld            dep        deg_btm       deg_bank         hc_sed          width          depth          slope        deg_btm       deg_bank         hc_len      flo_in_mm       aqu_in_mm      flo_out_mm 
                                                                   m^3/s           m^3/s           m^3/s           m^3/s           tons           tons           tons           tons           tons           tons           tons           tons              m              m            m/m              m              m              m             mm              mm              mm 
   365    12    31  2003       1       1  main_1               0.2547E-01     0.1463E-01     0.2145E-01     0.8151E+00     0.2345E+02     0.5053E+05     0.1172E+02     0.0000E+00     0.8624E+00     0.4620E+05     0.1596E+04     0.2724E+04     0.1206E+02     0.1001E+01     0.1035E-02     0.4785E-01     0.1443E-01     0.5038E+00     0.1165E+04     0.6694E+03     0.9811E+03
   365    12    31  2003       2       1  main_2               0.4784E-02     0.1338E-02     0.5255E-02     0.1531E+00     0.2744E+02     0.4805E+03     0.1372E+02     0.0000E+00     0.2890E+01     0.0000E+00     0.2727E+02     0.4395E+03     0.1518E+02     0.8528E+00     0.1000E-02     0.0000E+00     0.8137E-03     0.7749E-01     0.2285E+03     0.6390E+02     0.2510E+03
   365    12    31  2003       3       1  main_3               0.2549E-01     0.1818E-05     0.2359E-01     0.8156E+00     0.5063E+05     0.7150E+05     0.2532E+05     0.0000E+00     0.1724E+04     0.4087E+05     0.8931E+03     0.4418E+04     0.1789E+02     0.1139E+01     0.1028E-02     0.3261E-01     0.8304E-02     0.4953E+00     0.1024E+04     0.7303E-01     0.9478E+03
   365    12    31  2003       4       1  main_4               0.1097E-02     0.1019E-05     0.3226E-02     0.3510E-01     0.3320E+02     0.1225E+04     0.1660E+02     0.0000E+00     0.2430E+01     0.1129E+04     0.3544E+02     0.4437E+02     0.1024E+02     0.6813E+00     0.1017E-02     0.1581E-02     0.5292E-03     0.1458E-01     0.7850E+02     0.7291E-01     0.2309E+03
   365    12    31  2003       5       1  main_5               0.3095E-02     0.2299E-05     0.7190E-02     0.9902E-01     0.6001E+02     0.4419E+04     0.3000E+02     0.0000E+00     0.2818E+01     0.4089E+04     0.1017E+03     0.1979E+03     0.1493E+02     0.8556E+00     0.1010E-02     0.3432E-02     0.1044E-02     0.3515E-01     0.1152E+03     0.8562E-01     0.2678E+03
   365    12    31  2003       6       1  main_6               0.3830E-02     0.1535E-05     0.5273E-02     0.1226E+00     0.7533E+02     0.4649E+04     0.3766E+02     0.0000E+00     0.4412E+01     0.4329E+04     0.1075E+03     0.1750E+03     0.1118E+02     0.7401E+00     0.1179E-02     0.5512E-02     0.1467E-02     0.4846E-01     0.2137E+03     0.8560E-01     0.2941E+03
   365    12    31  2003       7       1  main_7               0.2152E-02     0.1408E-05     0.4021E-02     0.6887E-01     0.3930E+02     0.1911E+04     0.1965E+02     0.0000E+00     0.4019E+01     0.1803E+04     0.3173E+02     0.5609E+02     0.1147E+02     0.7296E+00     0.1199E-02     0.1764E-02     0.3451E-03     0.1534E-01     0.1116E+03     0.7304E-01     0.2085E+03
   365    12    31  2003       8       1  main_8               0.3591E-02     0.1836E-05     0.8294E-02     0.1149E+00     0.9152E+02     0.6813E+04     0.4576E+02     0.0000E+00     0.4830E+01     0.6393E+04     0.1525E+03     0.2210E+03     0.1539E+02     0.8831E+00     0.1237E-02     0.4064E-02     0.1197E-02     0.3725E-01     0.1426E+03     0.7293E-01     0.3294E+03
   365    12    31  2003       9       1  main_9               0.1034E-01     0.3593E-03     0.1415E-01     0.3308E+00     0.3170E+04     0.3439E+04     0.1585E+04     0.0000E+00     0.1163E+04     0.0000E+00     0.2296E+03     0.1625E+04     0.2179E+02     0.1061E+01     0.1000E-02     0.0000E+00     0.1954E-02     0.1605E+00     0.6442E+03     0.2239E+02     0.8819E+03
   365    12    31  2003      10       1  main_10              0.3970E-02     0.5471E-04     0.5136E-02     0.1270E+00     0.9267E+02     0.2991E+03     0.4633E+02     0.0000E+00     0.1187E+02     0.0000E+00     0.6594E+02     0.1869E+03     0.1187E+02     0.7347E+00     0.1000E-02     0.0000E+00     0.1178E-02     0.4893E-01     0.1868E+03     0.2574E+01     0.2416E+03
   365    12    31  2003      11       1  main_11              0.2721E-02     0.1554E-05     0.3615E-02     0.8706E-01     0.1036E+03     0.2567E+03     0.5178E+02     0.0000E+00     0.9688E+01     0.0000E+00     0.4095E+02     0.1640E+03     0.1184E+02     0.7337E+00     0.1000E-02     0.0000E+00     0.1084E-02     0.4308E-01     0.1288E+03     0.7361E-01     0.1712E+03
   365    12    31  2003      12       1  main_12              0.1368E-01     0.5530E-03     0.1152E-01     0.4378E+00     0.5430E+03     0.1104E+05     0.2715E+03     0.0000E+00     0.4636E+01     0.8855E+04     0.1518E+03     0.1765E+04     0.2126E+02     0.1122E+01     0.1273E-02     0.1133E-01     0.2672E-02     0.1704E+00     0.6149E+03     0.2486E+02     0.5179E+03
   365    12    31  2003      13       1  main_13              0.5040E-02     0.1689E-05     0.7950E-02     0.1613E+00     0.9292E+02     0.5562E+04     0.4646E+02     0.0000E+00     0.3709E+01     0.5127E+04     0.1049E+03     0.2840E+03     0.1536E+02     0.8780E+00     0.1007E-02     0.3753E-02     0.9478E-03     0.4806E-01     0.2177E+03     0.7293E-01     0.3433E+03
   365    12    31  2003      14       1  main_14              0.3888E-01     0.2316E-05     0.3816E-01     0.1244E+01     0.7221E+05     0.4561E+05     0.3610E+05     0.0000E+00     0.2710E+05     0.0000E+00     0.1343E+04     0.8165E+04     0.2518E+02     0.1157E+01     0.1000E-02     0.0000E+00     0.8552E-02     0.6399E+00     0.1643E+04     0.9788E-01     0.1613E+04
   365    12    31  2003      15       1  main_15              0.4144E-02     0.3695E-05     0.7622E-02     0.1326E+00     0.6910E+02     0.6672E+04     0.3455E+02     0.0000E+00     0.3177E+01     0.6288E+04     0.1755E+03     0.1735E+03     0.1368E+02     0.8309E+00     0.1048E-02     0.4725E-02     0.1549E-02     0.3516E-01     0.1304E+03     0.1163E+00     0.2399E+03
   365    12    31  2003      16       1  main_16              0.4573E-01     0.1325E-05     0.4251E-01     0.1463E+01     0.3258E+05     0.3018E+05     0.1629E+05     0.0000E+00     0.8659E+04     0.0000E+00     0.7210E+03     0.1317E+05     0.3180E+02     0.1333E+01     0.1000E-02     0.0000E+00     0.7260E-02     0.7098E+00     0.2535E+04     0.7345E-01     0.2356E+04
   365    12    31  2003      17       1  main_17              0.4128E-02     0.3009E-05     0.7080E-02     0.1321E+00     0.1462E+03     0.1188E+05     0.7308E+02     0.0000E+00     0.3017E+01     0.1117E+05     0.3706E+03     0.2733E+03     0.1416E+02     0.8615E+00     0.1591E-02     0.1034E-01     0.3927E-02     0.5045E-01     0.1177E+03     0.8580E-01     0.2019E+03
   365    12    31  2003      18       1  main_18              0.2241E-02     0.1380E-05     0.2370E-02     0.7170E-01     0.6594E+02     0.4960E+03     0.3297E+02     0.0000E+00     0.4590E+01     0.1887E+03     0.3566E+01     0.2707E+03     0.1594E+02     0.8929E+00     0.1244E-02     0.2575E-02     0.6154E-03     0.4349E-01     0.1593E+03     0.9811E-01     0.1685E+03
   365    12    31  2003      19       1  main_19              0.7654E-01     0.4427E-04     0.7188E-01     0.2449E+01     0.6775E+05     0.5302E+05     0.3388E+05     0.0000E+00     0.2011E+05     0.0000E+00     0.1225E+04     0.1792E+05     0.3432E+02     0.1395E+01     0.1000E-02     0.0000E+00     0.1333E-01     0.8547E+00     0.2253E+04     0.1303E+01     0.2116E+04
   365    12    31  2003      20       1  main_20              0.2149E-02     0.4786E-05     0.2615E-02     0.6878E-01     0.8004E+02     0.1272E+04     0.4002E+02     0.0000E+00     0.3861E+01     0.1067E+04     0.2675E+02     0.1388E+03     0.1036E+02     0.7040E+00     0.1128E-02     0.4332E-02     0.1140E-02     0.4368E-01     0.1491E+03     0.3319E+00     0.1814E+03
   365    12    31  2003      21       1  main_21              0.2346E-02     0.1516E-05     0.4353E-02     0.7509E-01     0.6415E+02     0.2684E+03     0.3207E+02     0.0000E+00     0.6603E+01     0.0000E+00     0.3268E+02     0.2036E+03     0.1370E+02     0.8016E+00     0.1000E-02     0.0000E+00     0.5645E-03     0.4232E-01     0.1335E+03     0.8625E-01     0.2476E+03
   365    12    31  2003      22       1  main_22              0.5113E-01     0.1215E-05     0.4962E-01     0.1636E+01     0.3073E+05     0.3179E+05     0.1537E+05     0.0000E+00     0.4974E+04     0.0000E+00     0.1507E+04     0.1492E+05     0.3475E+02     0.1406E+01     0.1000E-02     0.0000E+00     0.7795E-02     0.6971E+00     0.3072E+04     0.7302E-01     0.2982E+04
   365    12    31  2003      23       1  main_23              0.2012E-02     0.1064E-05     0.4441E-02     0.6440E-01     0.6530E+02     0.5333E+04     0.3265E+02     0.0000E+00     0.1970E+01     0.5042E+04     0.1536E+03     0.1048E+03     0.1038E+02     0.7079E+00     0.1645E-02     0.5802E-02     0.1827E-02     0.3253E-01     0.1386E+03     0.7327E-01     0.3059E+03
   365    12    31  2003      24       1  main_24              0.5396E-02     0.1887E-05     0.6266E-02     0.1727E+00     0.1578E+03     0.5179E+03     0.7890E+02     0.0000E+00     0.2190E+02     0.0000E+00     0.6100E+02     0.3780E+03     0.1488E+02     0.8424E+00     0.1000E-02     0.0000E+00     0.1678E-02     0.6884E-01     0.2085E+03     0.7293E-01     0.2421E+03
   365    12    31  2003      25       1  main_25              0.8182E-02     0.1859E-05     0.8420E-02     0.2618E+00     0.5504E+04     0.4092E+04     0.2752E+04     0.0000E+00     0.2284E+04     0.4094E+03     0.5500E+02     0.8757E+03     0.1731E+02     0.9413E+00     0.1000E-02     0.1696E-02     0.2977E-02     0.1228E+00     0.3793E+03     0.8618E-01     0.3903E+03
   365    12    31  2003      26       1  main_26              0.8244E-01     0.4366E-04     0.7970E-01     0.2638E+01     0.5484E+05     0.5293E+05     0.2742E+05     0.0000E+00     0.8827E+04     0.0000E+00     0.5259E+03     0.2499E+05     0.3742E+02     0.1470E+01     0.1000E-02     0.0000E+00     0.1329E-01     0.1037E+01     0.8551E+04     0.4528E+01     0.8267E+04
   365    12    31  2003      27       1  main_27              0.6726E-01     0.8565E-06     0.6762E-01     0.2152E+01     0.3625E+05     0.3740E+05     0.1812E+05     0.0000E+00     0.6236E+04     0.0000E+00     0.9470E+03     0.1833E+05     0.3768E+02     0.1477E+01     0.1000E-02     0.0000E+00     0.1012E-01     0.7523E+00     0.5782E+04     0.7364E-01     0.5814E+04
   365    12    31  2003      28       1  main_28              0.1636E-02     0.1167E-05     0.3436E-02     0.5236E-01     0.5551E+02     0.1956E+04     0.2775E+02     0.0000E+00     0.3598E+01     0.1794E+04     0.3731E+02     0.9719E+02     0.1015E+02     0.6842E+00     0.1137E-02     0.2842E-02     0.6205E-03     0.3203E-01     0.1201E+03     0.8570E-01     0.2522E+03
   365    12    31  2003      29       1  main_29              0.2917E-02     0.1322E-05     0.4487E-02     0.9334E-01     0.1088E+03     0.5839E+04     0.5442E+02     0.0000E+00     0.2303E+01     0.5422E+04     0.1733E+03     0.1886E+03     0.1061E+02     0.7352E+00     0.1434E-02     0.8253E-02     0.2716E-02     0.5537E-01     0.1894E+03     0.8585E-01     0.2914E+03
   365    12    31  2003      30       1  main_30              0.5205E-02     0.1848E-05     0.6138E-02     0.1666E+00     0.2390E+03     0.6434E+04     0.1195E+03     0.0000E+00     0.4438E+01     0.5775E+04     0.1947E+03     0.3453E+03     0.1264E+02     0.8305E+00     0.1215E-02     0.1051E-01     0.3884E-02     0.7575E-01     0.2056E+03     0.7300E-01     0.2425E+03
   365    12    31  2003      31       1  main_31              0.3383E-02     0.1279E-05     0.4876E-02     0.1083E+00     0.6861E+02     0.4129E+03     0.3430E+02     0.0000E+00     0.4042E+01     0.0000E+00     0.2487E+02     0.3538E+03     0.1646E+02     0.8955E+00     0.1000E-02     0.0000E+00     0.6056E-03     0.5481E-01     0.2581E+03     0.9757E-01     0.3719E+03
   365    12    31  2003      32       1  main_32              0.2883E-02     0.1278E-05     0.6795E-02     0.9226E-01     0.1015E+03     0.8052E+04     0.5075E+02     0.0000E+00     0.3980E+01     0.7569E+04     0.2561E+03     0.1763E+03     0.1109E+02     0.7448E+00     0.1152E-02     0.6397E-02     0.2301E-02     0.4915E-01     0.1650E+03     0.7309E-01     0.3888E+03
   365    12    31  2003      33       1  main_33              0.1704E-02     0.1147E-05     0.3665E-02     0.5453E-01     0.4471E+02     0.2848E+04     0.2236E+02     0.0000E+00     0.2583E+01     0.2644E+04     0.7424E+02     0.1082E+03     0.1068E+02     0.7166E+00     0.1267E-02     0.4069E-02     0.1218E-02     0.3257E-01     0.1082E+03     0.7284E-01     0.2327E+03
   365    12    31  2003      34       1  main_34              0.8454E-02     0.2737E-05     0.2175E-01     0.2705E+00     0.2700E+03     0.4921E+05     0.1350E+03     0.0000E+00     0.4600E+01     0.4679E+05     0.1479E+04     0.8039E+03     0.1814E+02     0.1027E+01     0.1423E-02     0.1484E-01     0.5856E-02     0.9848E-01     0.2256E+03     0.7304E-01     0.5804E+03
   365    12    31  2003      35       1  main_35              0.2154E-02     0.1546E-05     0.6018E-02     0.6894E-01     0.6559E+02     0.7732E+04     0.3280E+02     0.0000E+00     0.2227E+01     0.7348E+04     0.2217E+03     0.1296E+03     0.1121E+02     0.7499E+00     0.1492E-02     0.6142E-02     0.1992E-02     0.3545E-01     0.1193E+03     0.8563E-01     0.3333E+03
   365    12    31  2003      36       1  main_36              0.5066E-02     0.2144E-05     0.9066E-02     0.1621E+00     0.1878E+03     0.2193E+05     0.9388E+02     0.0000E+00     0.2051E+01     0.2070E+05     0.7662E+03     0.3729E+03     0.1336E+02     0.8784E+00     0.1623E-02     0.1522E-01     0.6117E-02     0.7324E-01     0.1714E+03     0.7253E-01     0.3068E+03
   365    12    31  2003      37       1  main_37              0.3915E-01     0.4205E-05     0.4594E-01     0.1253E+01     0.2342E+05     0.1428E+06     0.1171E+05     0.0000E+00     0.8896E+03     0.1213E+06     0.2803E+04     0.7003E+04     0.2771E+02     0.1413E+01     0.1018E-02     0.2877E-01     0.9522E-02     0.4140E+00     0.7938E+03     0.8527E-01     0.9316E+03
   365    12    31  2003      38       1  main_38              0.3241E-02     0.1331E-05     0.4067E-02     0.1037E+00     0.1256E+03     0.5708E+04     0.6281E+02     0.0000E+00     0.2400E+01     0.5240E+04     0.2045E+03     0.2004E+03     0.1127E+02     0.7734E+00     0.1916E-02     0.1207E-01     0.4842E-02     0.5228E-01     0.1773E+03     0.7283E-01     0.2226E+03
   365    12    31  2003      39       1  main_39              0.3699E-02     0.1887E-05     0.5893E-02     0.1184E+00     0.1594E+03     0.1127E+05     0.7969E+02     0.0000E+00     0.3162E+01     0.1056E+05     0.4047E+03     0.2255E+03     0.1368E+02     0.8640E+00     0.2027E-02     0.1179E-01     0.5071E-02     0.4373E-01     0.1168E+03     0.5957E-01     0.1861E+03
   365    12    31  2003      40       1  main_40              0.1778E-02     0.7840E-06     0.2528E-02     0.5690E-01     0.9702E+02     0.2134E+04     0.4851E+02     0.0000E+00     0.2594E+01     0.1912E+04     0.6295E+02     0.1110E+03     0.1003E+02     0.7009E+00     0.1600E-02     0.6249E-02     0.2096E-02     0.3633E-01     0.1352E+03     0.5961E-01     0.1922E+03
   365    12    31  2003      41       1  main_41              0.2234E-02     0.1086E-05     0.4174E-02     0.7150E-01     0.9201E+02     0.3693E+04     0.4601E+02     0.0000E+00     0.2428E+01     0.3347E+04     0.8637E+02     0.2134E+03     0.1271E+02     0.7894E+00     0.1571E-02     0.5639E-02     0.1643E-02     0.4824E-01     0.1766E+03     0.8581E-01     0.3300E+03
   365    12    31  2003      42       1  main_42              0.7244E-02     0.2262E-05     0.1828E-01     0.2318E+00     0.2338E+04     0.2965E+05     0.1169E+04     0.0000E+00     0.8927E+02     0.2684E+05     0.6714E+03     0.9651E+03     0.2063E+02     0.1068E+01     0.1260E-02     0.9143E-02     0.3103E-02     0.9927E-01     0.2745E+03     0.8569E-01     0.6928E+03
   365    12    31  2003      43       1  main_43              0.2554E-02     0.1266E-05     0.6175E-02     0.8173E-01     0.1167E+03     0.1049E+05     0.5835E+02     0.0000E+00     0.1776E+01     0.9932E+04     0.3451E+03     0.1579E+03     0.1106E+02     0.7474E+00     0.1628E-02     0.8737E-02     0.3165E-02     0.4337E-01     0.1473E+03     0.7303E-01     0.3561E+03
   365    12    31  2003      44       1  main_44              0.1743E-01     0.1080E-05     0.1885E-01     0.5577E+00     0.2071E+05     0.1424E+05     0.1035E+05     0.0000E+00     0.7903E+04     0.0000E+00     0.5880E+03     0.3295E+04     0.2260E+02     0.1084E+01     0.1000E-02     0.0000E+00     0.4306E-02     0.3071E+00     0.1387E+04     0.8593E-01     0.1500E+04
   365    12    31  2003      45       1  main_45              0.3941E-02     0.1467E-05     0.5525E-02     0.1261E+00     0.1057E+03     0.4918E+04     0.5284E+02     0.0000E+00     0.2265E+01     0.4477E+04     0.1107E+03     0.2769E+03     0.1099E+02     0.7264E+00     0.1034E-02     0.6833E-02     0.1781E-02     0.7792E-01     0.2307E+03     0.8588E-01     0.3235E+03
   365    12    31  2003      46       1  main_46              0.1335E-02     0.1006E-05     0.3117E-02     0.4272E-01     0.6646E+02     0.2009E+04     0.3323E+02     0.0000E+00     0.2010E+01     0.1834E+04     0.5916E+02     0.8228E+02     0.1020E+02     0.6904E+00     0.1219E-02     0.3376E-02     0.1146E-02     0.2675E-01     0.9669E+02     0.7285E-01     0.2257E+03
   365    12    31  2003      47       1  main_47              0.1934E-02     0.1853E-05     0.8982E-02     0.6189E-01     0.6377E+02     0.8785E+04     0.3188E+02     0.0000E+00     0.2109E+01     0.8404E+04     0.2056E+03     0.1441E+03     0.1471E+02     0.8638E+00     0.1460E-02     0.3768E-02     0.1121E-02     0.2614E-01     0.7644E+02     0.7323E-01     0.3550E+03
   365    12    31  2003      48       1  main_48              0.7757E-01     0.8055E-05     0.8174E-01     0.2482E+01     0.1235E+06     0.8519E+05     0.6173E+05     0.0000E+00     0.3106E+05     0.0000E+00     0.5920E+04     0.1754E+05     0.3518E+02     0.1416E+01     0.1000E-02     0.0000E+00     0.1442E-01     0.8037E+00     0.1965E+04     0.2041E+00     0.2071E+04
   365    12    31  2003      49       1  main_49              0.2609E-02     0.1208E-05     0.4917E-02     0.8349E-01     0.7804E+02     0.5647E+04     0.3902E+02     0.0000E+00     0.1914E+01     0.5316E+04     0.1533E+03     0.1391E+03     0.1026E+02     0.7084E+00     0.1316E-02     0.5727E-02     0.1706E-02     0.4403E-01     0.1858E+03     0.8605E-01     0.3502E+03
   365    12    31  2003      50       1  main_50              0.4210E-02     0.1406E-05     0.6744E-02     0.1347E+00     0.1720E+03     0.7612E+04     0.8600E+02     0.0000E+00     0.5776E+01     0.7063E+04     0.2252E+03     0.2373E+03     0.1147E+02     0.7577E+00     0.1032E-02     0.7305E-02     0.2493E-02     0.6226E-01     0.2188E+03     0.7307E-01     0.3505E+03
   365    12    31  2003      51       1  main_51              0.4183E-02     0.1336E-05     0.4888E-02     0.1338E+00     0.1034E+03     0.5958E+04     0.5169E+02     0.0000E+00     0.3777E+01     0.5550E+04     0.1719E+03     0.1849E+03     0.1064E+02     0.7394E+00     0.1363E-02     0.7742E-02     0.2483E-02     0.5444E-01     0.2690E+03     0.8590E-01     0.3144E+03
   365    12    31  2003      52       1  main_52              0.3743E-02     0.2465E-05     0.5256E-02     0.1198E+00     0.1177E+03     0.3735E+04     0.5886E+02     0.0000E+00     0.5579E+01     0.3387E+04     0.7868E+02     0.2113E+03     0.1596E+02     0.8991E+00     0.1164E-02     0.3684E-02     0.1074E-02     0.3364E-01     0.1107E+03     0.7292E-01     0.1555E+03
   365    12    31  2003      53       1  main_53              0.1591E-01     0.3316E-05     0.2862E-01     0.5090E+00     0.6155E+04     0.7235E+05     0.3078E+04     0.0000E+00     0.3697E+03     0.6608E+05     0.1583E+04     0.1607E+04     0.2237E+02     0.1143E+01     0.1035E-02     0.1219E-01     0.4050E-02     0.1431E+00     0.3469E+03     0.7231E-01     0.6242E+03
   365    12    31  2003      54       1  main_54              0.5016E-02     0.1882E-05     0.7015E-02     0.1605E+00     0.1251E+03     0.6807E+04     0.6253E+02     0.0000E+00     0.3337E+01     0.6289E+04     0.1617E+03     0.2931E+03     0.1271E+02     0.8033E+00     0.1111E-02     0.8073E-02     0.2313E-02     0.6495E-01     0.1944E+03     0.7294E-01     0.2719E+03
   365    12    31  2003      55       1  main_55              0.3510E-02     0.9963E-06     0.4413E-02     0.1123E+00     0.9936E+02     0.3250E+04     0.4968E+02     0.0000E+00     0.4841E+01     0.2936E+04     0.7928E+02     0.1844E+03     0.1090E+02     0.7273E+00     0.1043E-02     0.5101E-02     0.1460E-02     0.5345E-01     0.2104E+03     0.5973E-01     0.2646E+03
   365    12    31  2003      56       1  main_56              0.3705E-01     0.3171E-05     0.5829E-01     0.1186E+01     0.1721E+05     0.2387E+06     0.8607E+04     0.0000E+00     0.4938E+03     0.2174E+06     0.5974E+04     0.6657E+04     0.2656E+02     0.1378E+01     0.1066E-02     0.3140E-01     0.1199E-01     0.4153E+00     0.9980E+03     0.8540E-01     0.1570E+04
   365    12    31  2003      57       1  main_57              0.1979E-02     0.7394E-06     0.2694E-02     0.6332E-01     0.5272E+02     0.1902E+04     0.2636E+02     0.0000E+00     0.3453E+01     0.1756E+04     0.4201E+02     0.7749E+02     0.8630E+01     0.6217E+00     0.1524E-02     0.4057E-02     0.9419E-03     0.3268E-01     0.2302E+03     0.8600E-01     0.3133E+03
   365    12    31  2003      58       1  main_58              0.1427E-01     0.5528E-05     0.2438E-01     0.4567E+00     0.3028E+03     0.5454E+05     0.1514E+03     0.0000E+00     0.7412E+01     0.5156E+05     0.1838E+04     0.9930E+03     0.1840E+02     0.1047E+01     0.1085E-02     0.1838E-01     0.8110E-02     0.1160E+00     0.2200E+03     0.8520E-01     0.3758E+03
   365    12    31  2003      59       1  main_59              0.1761E+00     0.1003E-02     0.1694E+00     0.5636E+01     0.2239E+06     0.1743E+06     0.1120E+06     0.0000E+00     0.3749E+05     0.0000E+00     0.8736E+04     0.5359E+05     0.4728E+02     0.1693E+01     0.1000E-02     0.0000E+00     0.2484E-01     0.1529E+01     0.4078E+04     0.2323E+02     0.3922E+04
   365    12    31  2003      60       1  main_60              0.2138E+00     0.1213E-02     0.2059E+00     0.6841E+01     0.2070E+06     0.1767E+06     0.1035E+06     0.0000E+00     0.3616E+05     0.0000E+00     0.1103E+05     0.6213E+05     0.5195E+02     0.1792E+01     0.1000E-02     0.0000E+00     0.2491E-01     0.1524E+01     0.4523E+04     0.2567E+02     0.4356E+04
   365    12    31  2003      61       1  main_61              0.3087E-02     0.2600E-05     0.5436E-02     0.9878E-01     0.9578E+02     0.4031E+04     0.4789E+02     0.0000E+00     0.4082E+01     0.3706E+04     0.1034E+03     0.1735E+03     0.1347E+02     0.8211E+00     0.1065E-02     0.4455E-02     0.1451E-02     0.3609E-01     0.1015E+03     0.8547E-01     0.1787E+03
   365    12    31  2003      62       1  main_62              0.4175E-02     0.3885E-03     0.5473E-02     0.1336E+00     0.9525E+02     0.4394E+03     0.4762E+02     0.0000E+00     0.9713E+01     0.0000E+00     0.4025E+02     0.3515E+03     0.1693E+02     0.9110E+00     0.1000E-02     0.0000E+00     0.9020E-03     0.5203E-01     0.1495E+03     0.1391E+02     0.1959E+03
   365    12    31  2003      63       1  main_63              0.1218E-02     0.1468E-05     0.3150E-02     0.3897E-01     0.6770E+02     0.1325E+04     0.3385E+02     0.0000E+00     0.3979E+01     0.1199E+04     0.2457E+02     0.6748E+02     0.1160E+02     0.7349E+00     0.1076E-02     0.1766E-02     0.4045E-03     0.1809E-01     0.6103E+02     0.7358E-01     0.1579E+03
   365    12    31  2003      64       1  main_64              0.8597E-02     0.5820E-05     0.2231E-01     0.2751E+00     0.2724E+03     0.3139E+05     0.1362E+03     0.0000E+00     0.1145E+02     0.3003E+05     0.7479E+03     0.4729E+03     0.1959E+02     0.1036E+01     0.1027E-02     0.6819E-02     0.2285E-02     0.5342E-01     0.1260E+03     0.8527E-01     0.3269E+03
   365    12    31  2003      65       1  main_65              0.2524E-02     0.1160E-03     0.2714E-02     0.8076E-01     0.5008E+02     0.8970E+03     0.2504E+02     0.0000E+00     0.3356E+01     0.7494E+03     0.1730E+02     0.1053E+03     0.1153E+02     0.7368E+00     0.1022E-02     0.2753E-02     0.7032E-03     0.2835E-01     0.1290E+03     0.5928E+01     0.1387E+03
   365    12    31  2003      66       1  main_66              0.3197E-02     0.4966E-05     0.3638E-02     0.1023E+00     0.1259E+03     0.3395E+03     0.6293E+02     0.0000E+00     0.1175E+02     0.0000E+00     0.2495E+02     0.2516E+03     0.1412E+02     0.8163E+00     0.1000E-02     0.0000E+00     0.8393E-03     0.4983E-01     0.2091E+03     0.3249E+00     0.2380E+03
   365    12    31  2003      67       1  main_67              0.5876E-02     0.2190E-03     0.6004E-02     0.1880E+00     0.9571E+03     0.1113E+04     0.4785E+03     0.0000E+00     0.2237E+03     0.0000E+00     0.5352E+02     0.5811E+03     0.1594E+02     0.8781E+00     0.1000E-02     0.0000E+00     0.1237E-02     0.9481E-01     0.4129E+03     0.1539E+02     0.4219E+03
   365    12    31  2003      68       1  main_68              0.2348E-02     0.1833E-02     0.4653E-02     0.7515E-01     0.8751E+01     0.4094E+04     0.4376E+01     0.0000E+00     0.1328E+01     0.3892E+04     0.3346E+02     0.1643E+03     0.1120E+02     0.7215E+00     0.1120E-02     0.3526E-02     0.3285E-03     0.4595E-01     0.1300E+03     0.1015E+03     0.2576E+03
   365    12    31  2003      69       1  main_69              0.4973E-02     0.8491E-06     0.6183E-02     0.1591E+00     0.3882E+03     0.4779E+04     0.1941E+03     0.0000E+00     0.9294E+01     0.3594E+04     0.7863E+02     0.9121E+03     0.1881E+02     0.9999E+00     0.1054E-02     0.4822E-02     0.1415E-02     0.1109E+00     0.4348E+03     0.7424E-01     0.5406E+03
   365    12    31  2003      70       1  main_70              0.9055E-02     0.4458E-02     0.7777E-02     0.2897E+00     0.7940E+01     0.8914E+04     0.3970E+01     0.0000E+00     0.5060E+00     0.8093E+04     0.1792E+03     0.6379E+03     0.1237E+02     0.8263E+00     0.1140E-02     0.1366E-01     0.3206E-02     0.1414E+00     0.3796E+03     0.1869E+03     0.3261E+03
   365    12    31  2003      71       1  main_71              0.7630E-02     0.4331E-05     0.8652E-02     0.2442E+00     0.1450E+03     0.7988E+04     0.7251E+02     0.0000E+00     0.5906E+01     0.7367E+04     0.1444E+03     0.4038E+03     0.1605E+02     0.9161E+00     0.1148E-02     0.5631E-02     0.1377E-02     0.6294E-01     0.2910E+03     0.1652E+00     0.3300E+03
   365    12    31  2003      72       1  main_72              0.2367E-01     0.2399E-04     0.2580E-01     0.7574E+00     0.1417E+05     0.7281E+05     0.7086E+04     0.0000E+00     0.6776E+03     0.6017E+05     0.1091E+04     0.4461E+04     0.2382E+02     0.1220E+01     0.1006E-02     0.1608E-01     0.4162E-02     0.3515E+00     0.9567E+03     0.9697E+00     0.1043E+04
   365    12    31  2003      73       1  main_73              0.2769E-02     0.1975E-03     0.3715E-02     0.8862E-01     0.7597E+02     0.4156E+04     0.3798E+02     0.0000E+00     0.2259E+01     0.3867E+04     0.1044E+03     0.1475E+03     0.1136E+02     0.7577E+00     0.1549E-02     0.7328E-02     0.2109E-02     0.3943E-01     0.1479E+03     0.1055E+02     0.1984E+03
   365    12    31  2003      74       1  main_74              0.2949E+00     0.1662E-03     0.2732E+00     0.9437E+01     0.4857E+06     0.1031E+07     0.2429E+06     0.0000E+00     0.2237E+05     0.6529E+06     0.1625E+05     0.1187E+06     0.5636E+02     0.2488E+01     0.1082E-02     0.9955E-01     0.4155E-01     0.1953E+01     0.7710E+04     0.4345E+01     0.7142E+04
