 ceap_07120002             SWAT+ Jun 17  2020    MODULAR Rev 2020.60.4                                    
   jday   mon   day    yr   unit  gis_id  name                    flo_in          aqu_in         flo_out           peakr         sed_in        sed_out         washld          bedld            dep        deg_btm       deg_bank         hc_sed          width          depth          slope        deg_btm       deg_bank         hc_len      flo_in_mm       aqu_in_mm      flo_out_mm 
                                                                   m^3/s           m^3/s           m^3/s           m^3/s           tons           tons           tons           tons           tons           tons           tons           tons              m              m            m/m              m              m              m             mm              mm              mm 
   365    12    31  2001       1       1  main_1               0.2024E-01     0.5781E-02     0.1847E-01     0.6477E+00     0.2377E+02     0.3011E+05     0.1189E+02     0.0000E+00     0.1584E+00     0.2814E+05     0.9591E+03     0.9947E+03     0.1198E+02     0.7518E+00     0.1052E-02     0.2931E-01     0.1069E-01     0.2379E+00     0.9259E+03     0.2644E+03     0.8449E+03
   365    12    31  2001       2       1  main_2               0.2470E-02     0.1872E-03     0.4931E-02     0.7905E-01     0.2039E+02     0.1866E+03     0.1019E+02     0.0000E+00     0.1983E+01     0.0000E+00     0.2257E+02     0.1538E+03     0.1518E+02     0.8528E+00     0.1000E-02     0.0000E+00     0.6733E-03     0.2713E-01     0.1180E+03     0.8941E+01     0.2355E+03
   365    12    31  2001       3       1  main_3               0.2375E-01     0.5454E-05     0.2810E-01     0.7600E+00     0.3020E+05     0.5601E+05     0.1510E+05     0.0000E+00     0.6503E+03     0.3716E+05     0.1026E+04     0.2720E+04     0.1785E+02     0.9783E+00     0.1040E-02     0.2970E-01     0.1053E-01     0.3484E+00     0.9541E+03     0.2191E+00     0.1129E+04
   365    12    31  2001       4       1  main_4               0.6749E-03     0.3056E-05     0.4675E-02     0.2160E-01     0.1208E+02     0.2843E+03     0.6038E+01     0.0000E+00     0.1830E+01     0.2573E+03     0.3862E+01     0.1704E+02     0.1023E+02     0.6721E+00     0.1017E-02     0.3605E-03     0.5824E-04     0.5655E-02     0.4830E+02     0.2187E+00     0.3346E+03
   365    12    31  2001       5       1  main_5               0.2038E-02     0.6897E-05     0.9960E-02     0.6521E-01     0.3071E+02     0.2786E+04     0.1535E+02     0.0000E+00     0.2463E+01     0.2574E+04     0.5332E+02     0.1427E+03     0.1493E+02     0.8470E+00     0.1011E-02     0.2162E-02     0.5581E-03     0.2573E-01     0.7590E+02     0.2569E+00     0.3709E+03
   365    12    31  2001       6       1  main_6               0.3699E-02     0.4604E-05     0.7356E-02     0.1184E+00     0.5317E+02     0.3489E+04     0.2659E+02     0.0000E+00     0.4009E+01     0.3249E+04     0.7188E+02     0.1414E+03     0.1117E+02     0.7141E+00     0.1181E-02     0.4140E-02     0.1011E-02     0.4041E-01     0.2063E+03     0.2568E+00     0.4103E+03
   365    12    31  2001       7       1  main_7               0.2593E-02     0.4225E-05     0.6230E-02     0.8299E-01     0.1261E+02     0.9085E+03     0.6304E+01     0.0000E+00     0.2783E+01     0.8606E+03     0.3244E+01     0.3840E+02     0.1146E+02     0.7220E+00     0.1200E-02     0.8419E-03     0.3571E-04     0.1061E-01     0.1345E+03     0.2191E+00     0.3231E+03
   365    12    31  2001       8       1  main_8               0.4200E-02     0.5509E-05     0.1374E-01     0.1344E+00     0.8083E+02     0.6497E+04     0.4041E+02     0.0000E+00     0.4300E+01     0.6102E+04     0.1389E+03     0.2155E+03     0.1539E+02     0.8692E+00     0.1238E-02     0.3880E-02     0.1109E-02     0.3696E-01     0.1668E+03     0.2188E+00     0.5456E+03
   365    12    31  2001       9       1  main_9               0.1393E-01     0.1520E-03     0.2415E-01     0.4458E+00     0.1215E+04     0.2571E+04     0.6073E+03     0.0000E+00     0.5058E+03     0.0000E+00     0.4654E+03     0.1499E+04     0.2179E+02     0.1061E+01     0.1000E-02     0.0000E+00     0.3962E-02     0.1481E+00     0.8681E+03     0.9470E+01     0.1505E+04
   365    12    31  2001      10       1  main_10              0.4314E-02     0.7998E-04     0.7081E-02     0.1381E+00     0.1035E+03     0.2706E+03     0.5174E+02     0.0000E+00     0.1540E+02     0.0000E+00     0.4732E+02     0.1715E+03     0.1186E+02     0.7347E+00     0.1000E-02     0.0000E+00     0.8451E-03     0.4493E-01     0.2030E+03     0.3762E+01     0.3331E+03
   365    12    31  2001      11       1  main_11              0.2987E-02     0.3794E-05     0.5277E-02     0.9559E-01     0.9766E+02     0.2890E+03     0.4883E+02     0.0000E+00     0.5253E+01     0.0000E+00     0.5182E+02     0.1883E+03     0.1184E+02     0.7337E+00     0.1000E-02     0.0000E+00     0.1372E-02     0.4950E-01     0.1415E+03     0.1797E+00     0.2499E+03
   365    12    31  2001      12       1  main_12              0.1581E-01     0.5470E-04     0.1548E-01     0.5059E+00     0.2333E+03     0.9880E+04     0.1167E+03     0.0000E+00     0.2446E+01     0.8348E+04     0.1940E+03     0.1221E+04     0.2125E+02     0.1069E+01     0.1281E-02     0.1069E-01     0.3534E-02     0.1229E+00     0.7106E+03     0.2459E+01     0.6957E+03
   365    12    31  2001      13       1  main_13              0.5776E-02     0.5067E-05     0.1185E-01     0.1848E+00     0.6305E+02     0.4486E+04     0.3152E+02     0.0000E+00     0.2655E+01     0.4159E+04     0.7769E+02     0.2182E+03     0.1536E+02     0.8638E+00     0.1008E-02     0.3045E-02     0.7152E-03     0.3752E-01     0.2494E+03     0.2188E+00     0.5118E+03
   365    12    31  2001      14       1  main_14              0.4439E-01     0.6947E-05     0.5531E-01     0.1420E+01     0.5663E+05     0.3692E+05     0.2832E+05     0.0000E+00     0.1724E+05     0.0000E+00     0.1978E+04     0.6631E+04     0.2515E+02     0.1157E+01     0.1000E-02     0.0000E+00     0.1259E-01     0.5203E+00     0.1876E+04     0.2936E+00     0.2338E+04
   365    12    31  2001      15       1  main_15              0.4570E-02     0.8214E-05     0.1189E-01     0.1462E+00     0.5047E+02     0.6324E+04     0.2524E+02     0.0000E+00     0.3071E+01     0.5947E+04     0.1844E+03     0.1675E+03     0.1367E+02     0.8108E+00     0.1049E-02     0.4471E-02     0.1661E-02     0.3469E-01     0.1438E+03     0.2585E+00     0.3742E+03
   365    12    31  2001      16       1  main_16              0.6358E-01     0.3976E-05     0.6788E-01     0.2035E+01     0.2719E+05     0.2739E+05     0.1360E+05     0.0000E+00     0.6628E+04     0.0000E+00     0.1167E+04     0.1263E+05     0.3178E+02     0.1333E+01     0.1000E-02     0.0000E+00     0.1175E-01     0.6808E+00     0.3524E+04     0.2204E+00     0.3762E+04
   365    12    31  2001      17       1  main_17              0.3411E-02     0.9026E-05     0.9600E-02     0.1092E+00     0.1094E+03     0.8111E+04     0.5468E+02     0.0000E+00     0.2197E+01     0.7681E+04     0.2077E+03     0.1678E+03     0.1415E+02     0.8249E+00     0.1593E-02     0.7118E-02     0.2317E-02     0.3265E-01     0.9729E+02     0.2574E+00     0.2738E+03
   365    12    31  2001      18       1  main_18              0.1564E-02     0.4139E-05     0.1975E-02     0.5003E-01     0.4499E+02     0.3054E+03     0.2249E+02     0.0000E+00     0.4369E+01     0.1085E+03     0.1793E+01     0.1726E+03     0.1593E+02     0.8793E+00     0.1261E-02     0.1481E-02     0.3131E-03     0.2810E-01     0.1112E+03     0.2943E+00     0.1404E+03
   365    12    31  2001      19       1  main_19              0.1115E+00     0.9949E-05     0.1162E+00     0.3568E+01     0.5402E+05     0.4547E+05     0.2701E+05     0.0000E+00     0.1396E+05     0.0000E+00     0.1822E+04     0.1664E+05     0.3428E+02     0.1395E+01     0.1000E-02     0.0000E+00     0.1982E-01     0.7943E+00     0.3282E+04     0.2929E+00     0.3421E+04
   365    12    31  2001      20       1  main_20              0.2902E-02     0.1156E-04     0.4170E-02     0.9286E-01     0.5362E+02     0.1794E+04     0.2681E+02     0.0000E+00     0.4521E+01     0.1545E+04     0.4261E+02     0.1798E+03     0.1035E+02     0.6867E+00     0.1132E-02     0.6275E-02     0.1848E-02     0.5766E-01     0.2013E+03     0.8017E+00     0.2892E+03
   365    12    31  2001      21       1  main_21              0.2434E-02     0.4549E-05     0.6474E-02     0.7788E-01     0.3244E+02     0.2537E+03     0.1622E+02     0.0000E+00     0.7518E+01     0.0000E+00     0.2000E+02     0.2175E+03     0.1370E+02     0.8016E+00     0.1000E-02     0.0000E+00     0.3455E-03     0.4522E-01     0.1384E+03     0.2587E+00     0.3683E+03
   365    12    31  2001      22       1  main_22              0.7768E-01     0.3646E-05     0.9380E-01     0.2486E+01     0.2773E+05     0.3152E+05     0.1386E+05     0.0000E+00     0.3536E+04     0.0000E+00     0.2487E+04     0.1517E+05     0.3473E+02     0.1406E+01     0.1000E-02     0.0000E+00     0.1286E-01     0.7091E+00     0.4667E+04     0.2191E+00     0.5636E+04
   365    12    31  2001      23       1  main_23              0.2687E-02     0.3191E-05     0.6731E-02     0.8599E-01     0.7923E+02     0.6824E+04     0.3961E+02     0.0000E+00     0.9554E+00     0.6470E+04     0.1899E+03     0.1247E+03     0.1038E+02     0.6881E+00     0.1646E-02     0.7449E-02     0.2318E-02     0.3981E-01     0.1851E+03     0.2198E+00     0.4636E+03
   365    12    31  2001      24       1  main_24              0.4261E-02     0.5662E-05     0.6557E-02     0.1363E+00     0.7919E+02     0.3543E+03     0.3960E+02     0.0000E+00     0.1618E+02     0.0000E+00     0.4312E+02     0.2716E+03     0.1487E+02     0.8424E+00     0.1000E-02     0.0000E+00     0.1186E-02     0.4949E-01     0.1646E+03     0.2188E+00     0.2534E+03
   365    12    31  2001      25       1  main_25              0.1353E-01     0.5577E-05     0.1466E-01     0.4330E+00     0.7124E+04     0.6225E+04     0.3562E+04     0.0000E+00     0.2863E+04     0.1228E+04     0.1118E+03     0.1323E+04     0.1731E+02     0.9411E+00     0.1000E-02     0.5088E-02     0.6070E-02     0.1858E+00     0.6274E+03     0.2585E+00     0.6796E+03
   365    12    31  2001      26       1  main_26              0.1289E+00     0.2149E-05     0.1296E+00     0.4124E+01     0.4763E+05     0.4904E+05     0.2381E+05     0.0000E+00     0.5910E+04     0.0000E+00     0.8194E+03     0.2441E+05     0.3738E+02     0.1470E+01     0.1000E-02     0.0000E+00     0.2071E-01     0.1014E+01     0.1337E+05     0.2229E+00     0.1345E+05
   365    12    31  2001      27       1  main_27              0.1183E+00     0.2569E-05     0.1264E+00     0.3787E+01     0.3802E+05     0.4041E+05     0.1901E+05     0.0000E+00     0.5792E+04     0.0000E+00     0.1646E+04     0.1975E+05     0.3765E+02     0.1477E+01     0.1000E-02     0.0000E+00     0.1760E-01     0.8112E+00     0.1017E+05     0.2209E+00     0.1086E+05
   365    12    31  2001      28       1  main_28              0.1075E-02     0.3502E-05     0.4654E-02     0.3440E-01     0.2721E+02     0.7930E+03     0.1361E+02     0.0000E+00     0.3724E+01     0.7254E+03     0.7803E+01     0.4622E+02     0.1014E+02     0.6695E+00     0.1138E-02     0.1150E-02     0.1323E-03     0.1553E-01     0.7891E+02     0.2571E+00     0.3417E+03
   365    12    31  2001      29       1  main_29              0.2199E-02     0.3966E-05     0.5583E-02     0.7035E-01     0.5794E+02     0.3732E+04     0.2897E+02     0.0000E+00     0.2441E+01     0.3503E+04     0.1095E+03     0.9076E+02     0.1059E+02     0.6971E+00     0.1437E-02     0.5338E-02     0.1803E-02     0.2818E-01     0.1428E+03     0.2575E+00     0.3626E+03
   365    12    31  2001      30       1  main_30              0.4986E-02     0.5544E-05     0.7440E-02     0.1595E+00     0.1574E+03     0.6146E+04     0.7871E+02     0.0000E+00     0.2488E+01     0.5597E+04     0.1920E+03     0.2788E+03     0.1263E+02     0.7890E+00     0.1220E-02     0.1020E-01     0.4013E-02     0.6467E-01     0.1970E+03     0.2190E+00     0.2939E+03
   365    12    31  2001      31       1  main_31              0.2987E-02     0.3838E-05     0.6273E-02     0.9560E-01     0.4827E+02     0.3189E+03     0.2414E+02     0.0000E+00     0.3791E+01     0.0000E+00     0.1417E+02     0.2806E+03     0.1645E+02     0.8955E+00     0.1000E-02     0.0000E+00     0.3449E-03     0.4348E-01     0.2279E+03     0.2927E+00     0.4784E+03
   365    12    31  2001      32       1  main_32              0.1915E-02     0.3833E-05     0.8939E-02     0.6128E-01     0.4111E+02     0.4443E+04     0.2056E+02     0.0000E+00     0.3548E+01     0.4201E+04     0.1071E+03     0.1142E+03     0.1108E+02     0.7131E+00     0.1154E-02     0.3554E-02     0.9994E-03     0.3314E-01     0.1096E+03     0.2193E+00     0.5115E+03
   365    12    31  2001      33       1  main_33              0.2372E-02     0.3441E-05     0.5822E-02     0.7592E-01     0.4267E+02     0.4539E+04     0.2133E+02     0.0000E+00     0.1977E+01     0.4225E+04     0.1335E+03     0.1583E+03     0.1068E+02     0.7014E+00     0.1268E-02     0.6506E-02     0.2218E-02     0.4850E-01     0.1507E+03     0.2185E+00     0.3697E+03
   365    12    31  2001      34       1  main_34              0.4965E-02     0.8210E-05     0.2956E-01     0.1589E+00     0.1595E+03     0.2669E+05     0.7976E+02     0.0000E+00     0.4344E+01     0.2549E+05     0.6765E+03     0.4423E+03     0.1811E+02     0.9592E+00     0.1425E-02     0.8096E-02     0.2857E-02     0.5800E-01     0.1325E+03     0.2191E+00     0.7890E+03
   365    12    31  2001      35       1  main_35              0.3550E-02     0.4638E-05     0.1164E-01     0.1136E+00     0.7356E+02     0.1381E+05     0.3678E+02     0.0000E+00     0.1918E+01     0.1312E+05     0.4601E+03     0.1991E+03     0.1121E+02     0.7231E+00     0.1493E-02     0.1097E-01     0.4194E-02     0.5569E-01     0.1966E+03     0.2569E+00     0.6445E+03
   365    12    31  2001      36       1  main_36              0.6010E-02     0.6431E-05     0.1394E-01     0.1923E+00     0.1610E+03     0.2733E+05     0.8048E+02     0.0000E+00     0.1543E+01     0.2592E+05     0.9117E+03     0.4178E+03     0.1334E+02     0.8316E+00     0.1626E-02     0.1909E-01     0.7707E-02     0.8744E-01     0.2034E+03     0.2176E+00     0.4717E+03
   365    12    31  2001      37       1  main_37              0.4989E-01     0.1261E-04     0.7889E-01     0.1596E+01     0.1908E+05     0.1685E+06     0.9541E+04     0.0000E+00     0.6558E+03     0.1484E+06     0.3538E+04     0.7046E+04     0.2767E+02     0.1293E+01     0.1022E-02     0.3523E-01     0.1288E-01     0.4487E+00     0.1012E+04     0.2558E+00     0.1600E+04
   365    12    31  2001      38       1  main_38              0.3139E-02     0.3993E-05     0.4864E-02     0.1004E+00     0.4171E+02     0.4569E+04     0.2085E+02     0.0000E+00     0.1721E+01     0.4247E+04     0.1438E+03     0.1572E+03     0.1126E+02     0.7306E+00     0.1922E-02     0.9797E-02     0.3626E-02     0.4380E-01     0.1718E+03     0.2185E+00     0.2662E+03
   365    12    31  2001      39       1  main_39              0.4432E-02     0.5660E-05     0.9045E-02     0.1418E+00     0.1164E+03     0.1268E+05     0.5819E+02     0.0000E+00     0.2429E+01     0.1193E+05     0.4482E+03     0.2368E+03     0.1366E+02     0.8184E+00     0.2031E-02     0.1334E-01     0.5885E-02     0.4821E-01     0.1399E+03     0.1787E+00     0.2856E+03
   365    12    31  2001      40       1  main_40              0.2070E-02     0.2352E-05     0.3672E-02     0.6625E-01     0.8720E+02     0.2673E+04     0.4360E+02     0.0000E+00     0.1685E+01     0.2410E+04     0.7490E+02     0.1445E+03     0.1002E+02     0.6713E+00     0.1605E-02     0.7883E-02     0.2564E-02     0.4865E-01     0.1574E+03     0.1788E+00     0.2792E+03
   365    12    31  2001      41       1  main_41              0.1035E-02     0.3257E-05     0.4430E-02     0.3312E-01     0.2540E+02     0.1506E+04     0.1270E+02     0.0000E+00     0.1618E+01     0.1365E+04     0.2562E+02     0.1031E+03     0.1270E+02     0.7699E+00     0.1573E-02     0.2300E-02     0.5044E-03     0.2409E-01     0.8182E+02     0.2574E+00     0.3502E+03
   365    12    31  2001      42       1  main_42              0.5729E-02     0.6785E-05     0.2545E-01     0.1833E+00     0.2753E+04     0.2191E+05     0.1377E+04     0.0000E+00     0.9245E+02     0.1938E+05     0.4499E+03     0.6999E+03     0.2062E+02     0.1039E+01     0.1261E-02     0.6606E-02     0.2159E-02     0.7464E-01     0.2171E+03     0.2571E+00     0.9643E+03
   365    12    31  2001      43       1  main_43              0.1499E-02     0.3799E-05     0.8147E-02     0.4798E-01     0.5889E+02     0.5198E+04     0.2944E+02     0.0000E+00     0.2046E+01     0.4946E+04     0.1479E+03     0.7452E+02     0.1105E+02     0.7104E+00     0.1629E-02     0.4357E-02     0.1433E-02     0.2167E-01     0.8646E+02     0.2191E+00     0.4698E+03
   365    12    31  2001      44       1  main_44              0.2398E-01     0.3239E-05     0.3422E-01     0.7673E+00     0.1880E+05     0.1391E+05     0.9399E+04     0.0000E+00     0.7284E+04     0.0000E+00     0.1009E+04     0.3505E+04     0.2259E+02     0.1084E+01     0.1000E-02     0.0000E+00     0.7387E-02     0.3269E+00     0.1908E+04     0.2578E+00     0.2724E+04
   365    12    31  2001      45       1  main_45              0.9367E-03     0.4401E-05     0.4076E-02     0.2997E-01     0.1264E+02     0.6942E+03     0.6321E+01     0.0000E+00     0.1411E+01     0.6360E+03     0.3385E+01     0.4852E+02     0.1098E+02     0.7039E+00     0.1036E-02     0.9714E-03     0.5718E-04     0.1434E-01     0.5484E+02     0.2576E+00     0.2386E+03
   365    12    31  2001      46       1  main_46              0.1219E-02     0.3017E-05     0.4494E-02     0.3899E-01     0.4994E+02     0.1726E+04     0.2497E+02     0.0000E+00     0.2523E+01     0.1578E+04     0.5459E+02     0.6885E+02     0.1019E+02     0.6752E+00     0.1221E-02     0.2905E-02     0.1075E-02     0.2286E-01     0.8825E+02     0.2185E+00     0.3254E+03
   365    12    31  2001      47       1  main_47              0.2886E-02     0.5559E-05     0.1713E-01     0.9235E-01     0.7566E+02     0.1329E+05     0.3783E+02     0.0000E+00     0.3002E+01     0.1271E+05     0.3316E+03     0.2122E+03     0.1471E+02     0.8526E+00     0.1460E-02     0.5699E-02     0.1828E-02     0.3894E-01     0.1141E+03     0.2197E+00     0.6771E+03
   365    12    31  2001      48       1  main_48              0.1096E+00     0.8635E-05     0.1596E+00     0.3506E+01     0.9786E+05     0.7380E+05     0.4893E+05     0.0000E+00     0.2753E+05     0.0000E+00     0.7782E+04     0.1709E+05     0.3514E+02     0.1416E+01     0.1000E-02     0.0000E+00     0.1895E-01     0.7842E+00     0.2775E+04     0.2188E+00     0.4044E+04
   365    12    31  2001      49       1  main_49              0.3335E-02     0.3625E-05     0.8258E-02     0.1067E+00     0.5371E+02     0.6747E+04     0.2686E+02     0.0000E+00     0.1179E+01     0.6381E+04     0.1582E+03     0.1809E+03     0.1026E+02     0.6891E+00     0.1317E-02     0.6879E-02     0.1811E-02     0.5877E-01     0.2375E+03     0.2581E+00     0.5881E+03
   365    12    31  2001      50       1  main_50              0.2914E-02     0.4218E-05     0.7736E-02     0.9325E-01     0.3592E+02     0.3992E+04     0.1796E+02     0.0000E+00     0.6981E+01     0.3741E+04     0.1042E+03     0.1289E+03     0.1146E+02     0.7300E+00     0.1033E-02     0.3872E-02     0.1207E-02     0.3537E-01     0.1515E+03     0.2192E+00     0.4021E+03
   365    12    31  2001      51       1  main_51              0.5151E-02     0.4007E-05     0.6851E-02     0.1648E+00     0.5822E+02     0.6257E+04     0.2911E+02     0.0000E+00     0.1757E+01     0.5851E+04     0.1872E+03     0.1898E+03     0.1064E+02     0.7094E+00     0.1366E-02     0.8169E-02     0.2803E-02     0.5813E-01     0.3313E+03     0.2577E+00     0.4406E+03
   365    12    31  2001      52       1  main_52              0.4146E-02     0.7394E-05     0.8455E-02     0.1327E+00     0.5505E+02     0.2616E+04     0.2753E+02     0.0000E+00     0.4697E+01     0.2392E+04     0.3135E+02     0.1655E+03     0.1596E+02     0.8852E+00     0.1165E-02     0.2603E-02     0.4359E-03     0.2679E-01     0.1227E+03     0.2187E+00     0.2501E+03
   365    12    31  2001      53       1  main_53              0.1495E-01     0.9947E-05     0.4679E-01     0.4784E+00     0.6307E+04     0.5442E+05     0.3154E+04     0.0000E+00     0.3415E+03     0.4905E+05     0.1224E+04     0.9873E+03     0.2236E+02     0.1104E+01     0.1036E-02     0.9056E-02     0.3291E-02     0.9196E-01     0.3260E+03     0.2169E+00     0.1020E+04
   365    12    31  2001      54       1  main_54              0.3429E-02     0.5646E-05     0.8338E-02     0.1097E+00     0.6269E+02     0.5186E+04     0.3135E+02     0.0000E+00     0.2749E+01     0.4828E+04     0.1447E+03     0.1819E+03     0.1270E+02     0.7747E+00     0.1114E-02     0.6202E-02     0.2156E-02     0.4211E-01     0.1329E+03     0.2188E+00     0.3231E+03
   365    12    31  2001      55       1  main_55              0.3195E-02     0.2989E-05     0.5678E-02     0.1022E+00     0.5681E+02     0.2168E+04     0.2841E+02     0.0000E+00     0.3017E+01     0.1952E+04     0.3680E+02     0.1505E+03     0.1089E+02     0.7021E+00     0.1045E-02     0.3393E-02     0.6998E-03     0.4484E-01     0.1915E+03     0.1792E+00     0.3405E+03
   365    12    31  2001      56       1  main_56              0.3865E-01     0.9512E-05     0.9485E-01     0.1237E+01     0.1355E+05     0.2277E+06     0.6777E+04     0.0000E+00     0.6223E+03     0.2099E+06     0.6028E+04     0.4911E+04     0.2652E+02     0.1266E+01     0.1068E-02     0.3037E-01     0.1323E-01     0.3370E+00     0.1041E+04     0.2562E+00     0.2555E+04
   365    12    31  2001      57       1  main_57              0.1896E-02     0.2218E-05     0.2908E-02     0.6068E-01     0.2523E+02     0.9770E+03     0.1262E+02     0.0000E+00     0.2810E+01     0.9102E+03     0.1981E+02     0.3429E+02     0.8628E+01     0.6107E+00     0.1526E-02     0.2104E-02     0.4589E-03     0.1490E-01     0.2205E+03     0.2580E+00     0.3382E+03
   365    12    31  2001      58       1  main_58              0.1734E-01     0.1658E-04     0.3832E-01     0.5549E+00     0.1778E+03     0.6662E+05     0.8888E+02     0.0000E+00     0.5713E+01     0.6322E+05     0.2305E+04     0.1013E+04     0.1838E+02     0.1007E+01     0.1087E-02     0.2256E-01     0.1076E-01     0.1263E+00     0.2672E+03     0.2556E+00     0.5907E+03
   365    12    31  2001      59       1  main_59              0.2759E+00     0.1404E-04     0.3119E+00     0.8828E+01     0.2456E+06     0.1888E+06     0.1228E+06     0.0000E+00     0.4142E+05     0.0000E+00     0.1212E+05     0.5394E+05     0.4720E+02     0.1693E+01     0.1000E-02     0.0000E+00     0.3445E-01     0.1542E+01     0.6388E+04     0.3252E+00     0.7223E+04
   365    12    31  2001      60       1  main_60              0.3771E+00     0.1250E-04     0.4333E+00     0.1207E+02     0.1770E+06     0.1674E+06     0.8850E+05     0.0000E+00     0.2789E+05     0.0000E+00     0.1599E+05     0.6287E+05     0.5188E+02     0.1792E+01     0.1000E-02     0.0000E+00     0.3613E-01     0.1544E+01     0.7979E+04     0.2645E+00     0.9168E+04
   365    12    31  2001      61       1  main_61              0.2033E-02     0.7800E-05     0.7000E-02     0.6507E-01     0.4078E+02     0.1865E+04     0.2039E+02     0.0000E+00     0.4532E+01     0.1732E+04     0.3215E+02     0.8053E+02     0.1346E+02     0.7977E+00     0.1067E-02     0.2083E-02     0.4625E-03     0.1716E-01     0.6684E+02     0.2564E+00     0.2301E+03
   365    12    31  2001      62       1  main_62              0.2550E-02     0.7213E-05     0.5766E-02     0.8161E-01     0.2542E+02     0.1859E+03     0.1271E+02     0.0000E+00     0.5991E+01     0.0000E+00     0.1167E+02     0.1615E+03     0.1693E+02     0.9110E+00     0.1000E-02     0.0000E+00     0.2615E-03     0.2391E-01     0.9129E+02     0.2582E+00     0.2064E+03
   365    12    31  2001      63       1  main_63              0.9574E-03     0.4404E-05     0.4962E-02     0.3064E-01     0.4429E+02     0.8919E+03     0.2215E+02     0.0000E+00     0.2492E+01     0.8078E+03     0.1201E+02     0.4993E+02     0.1160E+02     0.7272E+00     0.1076E-02     0.1190E-02     0.1999E-03     0.1352E-01     0.4798E+02     0.2207E+00     0.2487E+03
   365    12    31  2001      64       1  main_64              0.9416E-02     0.1746E-04     0.3999E-01     0.3013E+00     0.2229E+03     0.3811E+05     0.1115E+03     0.0000E+00     0.9421E+01     0.3654E+05     0.9369E+03     0.5192E+03     0.1958E+02     0.1012E+01     0.1028E-02     0.8300E-02     0.2922E-02     0.5999E-01     0.1380E+03     0.2558E+00     0.5859E+03
   365    12    31  2001      65       1  main_65              0.1729E-02     0.6437E-05     0.2666E-02     0.5533E-01     0.2895E+02     0.3738E+03     0.1448E+02     0.0000E+00     0.2793E+01     0.3046E+03     0.5174E+01     0.4955E+02     0.1152E+02     0.7242E+00     0.1025E-02     0.1119E-02     0.2144E-03     0.1357E-01     0.8839E+02     0.3291E+00     0.1363E+03
   365    12    31  2001      66       1  main_66              0.2918E-02     0.4054E-05     0.4001E-02     0.9338E-01     0.8542E+02     0.2652E+03     0.4271E+02     0.0000E+00     0.5953E+01     0.0000E+00     0.1309E+02     0.2094E+03     0.1412E+02     0.8163E+00     0.1000E-02     0.0000E+00     0.4403E-03     0.4148E-01     0.1909E+03     0.2652E+00     0.2617E+03
   365    12    31  2001      67       1  main_67              0.6388E-02     0.2912E-04     0.8323E-02     0.2044E+00     0.4266E+03     0.8379E+03     0.2133E+03     0.0000E+00     0.6992E+02     0.0000E+00     0.7814E+02     0.5465E+03     0.1593E+02     0.8781E+00     0.1000E-02     0.0000E+00     0.1806E-02     0.8919E-01     0.4489E+03     0.2047E+01     0.5849E+03
   365    12    31  2001      68       1  main_68              0.3108E-03     0.1189E-03     0.6442E-02     0.9946E-02     0.2914E+01     0.1149E+02     0.1457E+01     0.0000E+00     0.1431E+01     0.1004E+02     0.0000E+00     0.0000E+00     0.1120E+02     0.7097E+00     0.1121E-02     0.9095E-05     0.0000E+00     0.0000E+00     0.1721E+02     0.6584E+01     0.3566E+03
   365    12    31  2001      69       1  main_69              0.5255E-02     0.2547E-05     0.9134E-02     0.1682E+00     0.2862E+03     0.5314E+04     0.1431E+03     0.0000E+00     0.1129E+02     0.4237E+04     0.1247E+03     0.8096E+03     0.1881E+02     0.9887E+00     0.1055E-02     0.5686E-02     0.2283E-02     0.9993E-01     0.4594E+03     0.2227E+00     0.7986E+03
   365    12    31  2001      70       1  main_70              0.6703E-02     0.8797E-03     0.6405E-02     0.2145E+00     0.6579E+01     0.1858E+04     0.3290E+01     0.0000E+00     0.3464E+00     0.1748E+04     0.3544E+02     0.7086E+02     0.1235E+02     0.7562E+00     0.1148E-02     0.2954E-02     0.6891E-03     0.1727E-01     0.2810E+03     0.3688E+02     0.2686E+03
   365    12    31  2001      71       1  main_71              0.8305E-02     0.1166E-04     0.1322E-01     0.2658E+00     0.6013E+02     0.5914E+04     0.3006E+02     0.0000E+00     0.3013E+01     0.5499E+04     0.1284E+03     0.2574E+03     0.1604E+02     0.8903E+00     0.1150E-02     0.4204E-02     0.1253E-02     0.4122E-01     0.3168E+03     0.4449E+00     0.5044E+03
   365    12    31  2001      72       1  main_72              0.2762E-01     0.6341E-05     0.4708E-01     0.8838E+00     0.2731E+04     0.6709E+05     0.1365E+04     0.0000E+00     0.2634E+03     0.6088E+05     0.1634E+04     0.3205E+04     0.2381E+02     0.1162E+01     0.1008E-02     0.1628E-01     0.6511E-02     0.2657E+00     0.1116E+04     0.2563E+00     0.1903E+04
   365    12    31  2001      73       1  main_73              0.1904E-02     0.3603E-04     0.4769E-02     0.6094E-01     0.5135E+02     0.2907E+04     0.2567E+02     0.0000E+00     0.1884E+01     0.2704E+04     0.6931E+02     0.1082E+03     0.1135E+02     0.7193E+00     0.1554E-02     0.5129E-02     0.1455E-02     0.3012E-01     0.1017E+03     0.1924E+01     0.2546E+03
   365    12    31  2001      74       1  main_74              0.5074E+00     0.8326E-05     0.5288E+00     0.1624E+02     0.4972E+06     0.1169E+07     0.2486E+06     0.0000E+00     0.2332E+05     0.7931E+06     0.1924E+05     0.1081E+06     0.5623E+02     0.2150E+01     0.1098E-02     0.1212E+00     0.5702E-01     0.2060E+01     0.1327E+05     0.2177E+00     0.1382E+05
   365    12    31  2002       1       1  main_1               0.3456E-01     0.2341E-01     0.2898E-01     0.1106E+01     0.2863E+02     0.7643E+05     0.1432E+02     0.0000E+00     0.9798E+00     0.6999E+05     0.2425E+04     0.4010E+04     0.1208E+02     0.1024E+01     0.1033E-02     0.7249E-01     0.2222E-01     0.7683E+00     0.1581E+04     0.1071E+04     0.1326E+04
   365    12    31  2002       2       1  main_2               0.7394E-02     0.2685E-02     0.6652E-02     0.2366E+00     0.3333E+02     0.9184E+03     0.1667E+02     0.0000E+00     0.3543E+01     0.0000E+00     0.3788E+02     0.8638E+03     0.1518E+02     0.8528E+00     0.1000E-02     0.0000E+00     0.1130E-02     0.1523E+00     0.3532E+03     0.1282E+03     0.3177E+03
   365    12    31  2002       3       1  main_3               0.3328E-01     0.0000E+00     0.2769E-01     0.1065E+01     0.7658E+05     0.1027E+06     0.3829E+05     0.0000E+00     0.2006E+04     0.5687E+05     0.1180E+04     0.6335E+04     0.1790E+02     0.1163E+01     0.1026E-02     0.4536E-01     0.1059E-01     0.7109E+00     0.1337E+04     0.0000E+00     0.1113E+04
   365    12    31  2002       4       1  main_4               0.2019E-02     0.0000E+00     0.3265E-02     0.6462E-01     0.7002E+02     0.2947E+04     0.3501E+02     0.0000E+00     0.2950E+01     0.2724E+04     0.9242E+02     0.9552E+02     0.1024E+02     0.6846E+00     0.1016E-02     0.3816E-02     0.1381E-02     0.3141E-01     0.1445E+03     0.0000E+00     0.2337E+03
   365    12    31  2002       5       1  main_5               0.2304E-02     0.0000E+00     0.4067E-02     0.7374E-01     0.4364E+02     0.2520E+04     0.2182E+02     0.0000E+00     0.2784E+01     0.2322E+04     0.4059E+02     0.1357E+03     0.1493E+02     0.8560E+00     0.1010E-02     0.1949E-02     0.4205E-03     0.2426E-01     0.8583E+02     0.0000E+00     0.1515E+03
   365    12    31  2002       6       1  main_6               0.5360E-02     0.0000E+00     0.5615E-02     0.1715E+00     0.1011E+03     0.7390E+04     0.5055E+02     0.0000E+00     0.4720E+01     0.6909E+04     0.1840E+03     0.2468E+03     0.1118E+02     0.7421E+00     0.1179E-02     0.8797E-02     0.2508E-02     0.6832E-01     0.2989E+03     0.0000E+00     0.3132E+03
   365    12    31  2002       7       1  main_7               0.2502E-02     0.0000E+00     0.2951E-02     0.8008E-01     0.7901E+02     0.3280E+04     0.3951E+02     0.0000E+00     0.4506E+01     0.3086E+04     0.6418E+02     0.9009E+02     0.1147E+02     0.7303E+00     0.1199E-02     0.3019E-02     0.7001E-03     0.2465E-01     0.1298E+03     0.0000E+00     0.1531E+03
   365    12    31  2002       8       1  main_8               0.4003E-02     0.0000E+00     0.6562E-02     0.1281E+00     0.1230E+03     0.8489E+04     0.6152E+02     0.0000E+00     0.5110E+01     0.7950E+04     0.1797E+03     0.2978E+03     0.1539E+02     0.8840E+00     0.1237E-02     0.5054E-02     0.1410E-02     0.5006E-01     0.1590E+03     0.0000E+00     0.2606E+03
   365    12    31  2002       9       1  main_9               0.1003E-01     0.4869E-03     0.1077E-01     0.3209E+00     0.6272E+04     0.5248E+04     0.3136E+04     0.0000E+00     0.2343E+04     0.0000E+00     0.1272E+03     0.1985E+04     0.2179E+02     0.1061E+01     0.1000E-02     0.0000E+00     0.1083E-02     0.1961E+00     0.6247E+03     0.3034E+02     0.6712E+03
   365    12    31  2002      10       1  main_10              0.5238E-02     0.7320E-04     0.5535E-02     0.1676E+00     0.1162E+03     0.4530E+03     0.5812E+02     0.0000E+00     0.9981E+01     0.0000E+00     0.1121E+03     0.2828E+03     0.1187E+02     0.7347E+00     0.1000E-02     0.0000E+00     0.2002E-02     0.7404E-01     0.2464E+03     0.3444E+01     0.2604E+03
   365    12    31  2002      11       1  main_11              0.3177E-02     0.8690E-06     0.3393E-02     0.1017E+00     0.1345E+03     0.3295E+03     0.6723E+02     0.0000E+00     0.1008E+02     0.0000E+00     0.5606E+02     0.2062E+03     0.1184E+02     0.7337E+00     0.1000E-02     0.0000E+00     0.1484E-02     0.5418E-01     0.1504E+03     0.4115E-01     0.1607E+03
   365    12    31  2002      12       1  main_12              0.1725E-01     0.1503E-02     0.1365E-01     0.5518E+00     0.1029E+04     0.1776E+05     0.5145E+03     0.0000E+00     0.4594E+01     0.1397E+05     0.2161E+03     0.3060E+04     0.2126E+02     0.1133E+01     0.1272E-02     0.1788E-01     0.3726E-02     0.2943E+00     0.7751E+03     0.6757E+02     0.6137E+03
   365    12    31  2002      13       1  main_13              0.5705E-02     0.0000E+00     0.7058E-02     0.1826E+00     0.1267E+03     0.8071E+04     0.6336E+02     0.0000E+00     0.4128E+01     0.7420E+04     0.1579E+03     0.4302E+03     0.1536E+02     0.8780E+00     0.1007E-02     0.5431E-02     0.1425E-02     0.7280E-01     0.2463E+03     0.0000E+00     0.3048E+03
   365    12    31  2002      14       1  main_14              0.4213E-01     0.0000E+00     0.3418E-01     0.1348E+01     0.1036E+06     0.6337E+05     0.5181E+05     0.0000E+00     0.4180E+05     0.0000E+00     0.1288E+04     0.1028E+05     0.2519E+02     0.1157E+01     0.1000E-02     0.0000E+00     0.8200E-02     0.8052E+00     0.1781E+04     0.0000E+00     0.1445E+04
   365    12    31  2002      15       1  main_15              0.5761E-02     0.2870E-05     0.6981E-02     0.1843E+00     0.1214E+03     0.1124E+05     0.6071E+02     0.0000E+00     0.2662E+01     0.1060E+05     0.2865E+03     0.2973E+03     0.1368E+02     0.8329E+00     0.1048E-02     0.7962E-02     0.2509E-02     0.5980E-01     0.1813E+03     0.9031E-01     0.2197E+03
   365    12    31  2002      16       1  main_16              0.4175E-01     0.0000E+00     0.3374E-01     0.1336E+01     0.4432E+05     0.3815E+05     0.2216E+05     0.0000E+00     0.1194E+05     0.0000E+00     0.5806E+03     0.1541E+05     0.3180E+02     0.1333E+01     0.1000E-02     0.0000E+00     0.5846E-02     0.8300E+00     0.2314E+04     0.0000E+00     0.1870E+04
   365    12    31  2002      17       1  main_17              0.2796E-02     0.0000E+00     0.3606E-02     0.8947E-01     0.1167E+03     0.7490E+04     0.5834E+02     0.0000E+00     0.3655E+01     0.7059E+04     0.2120E+03     0.1605E+03     0.1416E+02     0.8614E+00     0.1591E-02     0.6537E-02     0.2305E-02     0.3034E-01     0.7973E+02     0.0000E+00     0.1028E+03
   365    12    31  2002      18       1  main_18              0.3681E-02     0.0000E+00     0.3588E-02     0.1178E+00     0.1079E+03     0.9092E+03     0.5395E+02     0.0000E+00     0.4074E+01     0.3582E+03     0.7648E+01     0.4893E+03     0.1594E+02     0.8967E+00     0.1240E-02     0.4888E-02     0.1319E-02     0.7856E-01     0.2618E+03     0.0000E+00     0.2551E+03
   365    12    31  2002      19       1  main_19              0.6739E-01     0.2599E-04     0.5736E-01     0.2156E+01     0.8758E+05     0.6611E+05     0.4379E+05     0.0000E+00     0.2728E+05     0.0000E+00     0.1094E+04     0.2123E+05     0.3433E+02     0.1395E+01     0.1000E-02     0.0000E+00     0.1190E-01     0.1012E+01     0.1984E+04     0.7650E+00     0.1689E+04
   365    12    31  2002      20       1  main_20              0.1832E-02     0.0000E+00     0.1825E-02     0.5863E-01     0.1027E+03     0.1042E+04     0.5133E+02     0.0000E+00     0.3256E+01     0.8501E+03     0.1947E+02     0.1210E+03     0.1036E+02     0.7087E+00     0.1127E-02     0.3451E-02     0.8218E-03     0.3783E-01     0.1271E+03     0.0000E+00     0.1266E+03
   365    12    31  2002      21       1  main_21              0.2141E-02     0.0000E+00     0.2864E-02     0.6851E-01     0.8741E+02     0.2672E+03     0.4370E+02     0.0000E+00     0.6255E+01     0.0000E+00     0.4034E+02     0.1831E+03     0.1370E+02     0.8016E+00     0.1000E-02     0.0000E+00     0.6969E-03     0.3806E-01     0.1218E+03     0.0000E+00     0.1629E+03
   365    12    31  2002      22       1  main_22              0.4593E-01     0.0000E+00     0.3385E-01     0.1470E+01     0.3916E+05     0.3903E+05     0.1958E+05     0.0000E+00     0.6515E+04     0.0000E+00     0.1228E+04     0.1822E+05     0.3475E+02     0.1406E+01     0.1000E-02     0.0000E+00     0.6350E-02     0.8514E+00     0.2760E+04     0.0000E+00     0.2034E+04
   365    12    31  2002      23       1  main_23              0.1026E-02     0.0000E+00     0.2059E-02     0.3283E-01     0.3064E+02     0.1912E+04     0.1532E+02     0.0000E+00     0.1884E+01     0.1829E+04     0.3278E+02     0.3536E+02     0.1038E+02     0.7077E+00     0.1645E-02     0.2104E-02     0.3907E-03     0.1098E-01     0.7066E+02     0.0000E+00     0.1418E+03
   365    12    31  2002      24       1  main_24              0.5904E-02     0.0000E+00     0.6025E-02     0.1889E+00     0.1748E+03     0.6132E+03     0.8741E+02     0.0000E+00     0.1942E+02     0.0000E+00     0.6314E+02     0.4627E+03     0.1488E+02     0.8424E+00     0.1000E-02     0.0000E+00     0.1737E-02     0.8427E-01     0.2281E+03     0.0000E+00     0.2328E+03
   365    12    31  2002      25       1  main_25              0.3292E-02     0.0000E+00     0.2960E-02     0.1054E+00     0.1962E+04     0.1336E+04     0.9811E+03     0.0000E+00     0.7846E+03     0.0000E+00     0.7513E+01     0.3470E+03     0.1731E+02     0.9414E+00     0.1000E-02     0.0000E+00     0.4042E-03     0.4861E-01     0.1526E+03     0.0000E+00     0.1372E+03
   365    12    31  2002      26       1  main_26              0.6688E-01     0.0000E+00     0.6225E-01     0.2140E+01     0.6779E+05     0.6268E+05     0.3390E+05     0.0000E+00     0.1162E+05     0.0000E+00     0.4315E+03     0.2835E+05     0.3742E+02     0.1470E+01     0.1000E-02     0.0000E+00     0.1091E-01     0.1177E+01     0.6937E+04     0.0000E+00     0.6456E+04
   365    12    31  2002      27       1  main_27              0.4454E-01     0.0000E+00     0.3997E-01     0.1425E+01     0.4072E+05     0.3950E+05     0.2036E+05     0.0000E+00     0.7451E+04     0.0000E+00     0.6590E+03     0.1848E+05     0.3768E+02     0.1477E+01     0.1000E-02     0.0000E+00     0.7044E-02     0.7583E+00     0.3829E+04     0.0000E+00     0.3436E+04
   365    12    31  2002      28       1  main_28              0.2903E-02     0.0000E+00     0.4015E-02     0.9288E-01     0.1050E+03     0.4159E+04     0.5251E+02     0.0000E+00     0.3572E+01     0.3820E+04     0.9278E+02     0.1937E+03     0.1015E+02     0.6846E+00     0.1137E-02     0.6052E-02     0.1544E-02     0.6390E-01     0.2131E+03     0.0000E+00     0.2948E+03
   365    12    31  2002      29       1  main_29              0.4937E-02     0.0000E+00     0.5936E-02     0.1580E+00     0.2008E+03     0.1079E+05     0.1004E+03     0.0000E+00     0.2101E+01     0.1000E+05     0.3375E+03     0.3547E+03     0.1061E+02     0.7384E+00     0.1433E-02     0.1522E-01     0.5263E-02     0.1042E+00     0.3206E+03     0.0000E+00     0.3855E+03
   365    12    31  2002      30       1  main_30              0.6577E-02     0.0000E+00     0.6896E-02     0.2105E+00     0.3477E+03     0.8278E+04     0.1738E+03     0.0000E+00     0.5104E+01     0.7412E+04     0.2536E+03     0.4383E+03     0.1264E+02     0.8329E+00     0.1214E-02     0.1348E-01     0.5023E-02     0.9593E-01     0.2598E+03     0.0000E+00     0.2724E+03
   365    12    31  2002      31       1  main_31              0.2535E-02     0.0000E+00     0.2617E-02     0.8112E-01     0.4553E+02     0.2771E+03     0.2276E+02     0.0000E+00     0.4212E+01     0.0000E+00     0.4044E+01     0.2503E+03     0.1645E+02     0.8955E+00     0.1000E-02     0.0000E+00     0.9845E-04     0.3878E-01     0.1934E+03     0.0000E+00     0.1996E+03
   365    12    31  2002      32       1  main_32              0.5486E-02     0.0000E+00     0.8594E-02     0.1756E+00     0.2196E+03     0.1690E+05     0.1098E+03     0.0000E+00     0.5029E+01     0.1586E+05     0.6111E+03     0.3192E+03     0.1109E+02     0.7508E+00     0.1152E-02     0.1341E-01     0.5472E-02     0.8877E-01     0.3139E+03     0.0000E+00     0.4917E+03
   365    12    31  2002      33       1  main_33              0.1553E-02     0.0000E+00     0.2733E-02     0.4971E-01     0.6275E+02     0.2318E+04     0.3137E+02     0.0000E+00     0.3583E+01     0.2136E+04     0.5208E+02     0.9910E+02     0.1068E+02     0.7190E+00     0.1266E-02     0.3286E-02     0.8437E-03     0.2946E-01     0.9863E+02     0.0000E+00     0.1735E+03
   365    12    31  2002      34       1  main_34              0.1508E-01     0.0000E+00     0.2450E-01     0.4827E+00     0.4437E+03     0.9248E+05     0.2218E+03     0.0000E+00     0.3770E+01     0.8775E+05     0.3002E+04     0.1506E+04     0.1814E+02     0.1022E+01     0.1423E-02     0.2783E-01     0.1189E-01     0.1841E+00     0.4026E+03     0.0000E+00     0.6539E+03
   365    12    31  2002      35       1  main_35              0.1267E-02     0.0000E+00     0.2459E-02     0.4054E-01     0.5737E+02     0.3497E+04     0.2869E+02     0.0000E+00     0.2505E+01     0.3335E+04     0.5747E+02     0.7550E+02     0.1122E+02     0.7580E+00     0.1492E-02     0.2787E-02     0.5057E-03     0.2038E-01     0.7017E+02     0.0000E+00     0.1362E+03
   365    12    31  2002      36       1  main_36              0.2601E-02     0.0000E+00     0.4402E-02     0.8323E-01     0.9244E+02     0.1051E+05     0.4622E+02     0.0000E+00     0.3120E+01     0.9934E+04     0.3541E+03     0.1766E+03     0.1336E+02     0.8723E+00     0.1623E-02     0.7302E-02     0.2829E-02     0.3473E-01     0.8801E+02     0.0000E+00     0.1490E+03
   365    12    31  2002      37       1  main_37              0.4166E-01     0.0000E+00     0.3398E-01     0.1333E+01     0.3855E+05     0.1661E+06     0.1928E+05     0.0000E+00     0.1064E+04     0.1352E+06     0.3007E+04     0.8611E+04     0.2772E+02     0.1431E+01     0.1017E-02     0.3205E-01     0.9923E-02     0.5010E+00     0.8449E+03     0.0000E+00     0.6891E+03
   365    12    31  2002      38       1  main_38              0.2887E-02     0.0000E+00     0.3282E-02     0.9239E-01     0.1416E+03     0.5256E+04     0.7082E+02     0.0000E+00     0.2360E+01     0.4808E+04     0.2018E+03     0.1754E+03     0.1127E+02     0.7679E+00     0.1916E-02     0.1108E-01     0.4852E-02     0.4630E-01     0.1580E+03     0.0000E+00     0.1796E+03
   365    12    31  2002      39       1  main_39              0.1985E-02     0.0000E+00     0.2548E-02     0.6352E-01     0.8948E+02     0.5249E+04     0.4474E+02     0.0000E+00     0.3307E+01     0.4941E+04     0.1549E+03     0.1081E+03     0.1368E+02     0.8645E+00     0.2027E-02     0.5518E-02     0.1955E-02     0.2109E-01     0.6269E+02     0.0000E+00     0.8047E+02
   365    12    31  2002      40       1  main_40              0.2108E-02     0.0000E+00     0.2478E-02     0.6746E-01     0.1351E+03     0.2505E+04     0.6753E+02     0.0000E+00     0.4045E+01     0.2230E+04     0.8463E+02     0.1224E+03     0.1003E+02     0.7059E+00     0.1599E-02     0.7290E-02     0.2788E-02     0.3959E-01     0.1603E+03     0.0000E+00     0.1884E+03
   365    12    31  2002      41       1  main_41              0.2717E-02     0.0000E+00     0.4022E-02     0.8693E-01     0.1472E+03     0.4461E+04     0.7362E+02     0.0000E+00     0.3358E+01     0.4037E+04     0.1107E+03     0.2404E+03     0.1271E+02     0.7889E+00     0.1571E-02     0.6802E-02     0.2135E-02     0.5498E-01     0.2148E+03     0.0000E+00     0.3180E+03
   365    12    31  2002      42       1  main_42              0.7422E-02     0.0000E+00     0.1499E-01     0.2375E+00     0.2758E+04     0.2985E+05     0.1379E+04     0.0000E+00     0.1076E+03     0.2689E+05     0.6776E+03     0.9013E+03     0.2063E+02     0.1065E+01     0.1260E-02     0.9160E-02     0.3157E-02     0.9361E-01     0.2812E+03     0.0000E+00     0.5680E+03
   365    12    31  2002      43       1  main_43              0.3967E-02     0.0000E+00     0.5963E-02     0.1270E+00     0.2224E+03     0.1706E+05     0.1112E+03     0.0000E+00     0.1777E+01     0.1614E+05     0.5691E+03     0.2419E+03     0.1106E+02     0.7491E+00     0.1627E-02     0.1420E-01     0.5268E-02     0.6711E-01     0.2288E+03     0.0000E+00     0.3438E+03
   365    12    31  2002      44       1  main_44              0.1220E-01     0.0000E+00     0.9699E-02     0.3902E+00     0.1500E+05     0.1062E+05     0.7501E+04     0.0000E+00     0.5479E+04     0.0000E+00     0.2818E+03     0.2838E+04     0.2260E+02     0.1084E+01     0.1000E-02     0.0000E+00     0.2064E-02     0.2645E+00     0.9706E+03     0.0000E+00     0.7719E+03
   365    12    31  2002      45       1  main_45              0.3792E-02     0.0000E+00     0.4917E-02     0.1213E+00     0.1341E+03     0.5153E+04     0.6707E+02     0.0000E+00     0.2848E+01     0.4693E+04     0.1248E+03     0.2685E+03     0.1099E+02     0.7168E+00     0.1035E-02     0.7166E-02     0.2065E-02     0.7779E-01     0.2220E+03     0.0000E+00     0.2879E+03
   365    12    31  2002      46       1  main_46              0.1875E-02     0.0000E+00     0.2947E-02     0.5999E-01     0.9668E+02     0.3120E+04     0.4834E+02     0.0000E+00     0.1587E+01     0.2856E+04     0.9626E+02     0.1193E+03     0.1020E+02     0.6910E+00     0.1219E-02     0.5255E-02     0.1859E-02     0.3872E-01     0.1358E+03     0.0000E+00     0.2134E+03
   365    12    31  2002      47       1  main_47              0.1837E-02     0.0000E+00     0.4967E-02     0.5879E-01     0.8804E+02     0.8590E+04     0.4402E+02     0.0000E+00     0.1416E+01     0.8199E+04     0.1937E+03     0.1531E+03     0.1471E+02     0.8655E+00     0.1460E-02     0.3676E-02     0.1047E-02     0.2753E-01     0.7261E+02     0.0000E+00     0.1963E+03
   365    12    31  2002      48       1  main_48              0.6549E-01     0.0000E+00     0.4030E-01     0.2096E+01     0.1610E+06     0.1044E+06     0.8049E+05     0.0000E+00     0.3409E+05     0.0000E+00     0.5485E+04     0.1842E+05     0.3518E+02     0.1416E+01     0.1000E-02     0.0000E+00     0.1336E-01     0.8443E+00     0.1659E+04     0.0000E+00     0.1021E+04
   365    12    31  2002      49       1  main_49              0.2399E-02     0.0000E+00     0.3616E-02     0.7676E-01     0.9616E+02     0.5871E+04     0.4808E+02     0.0000E+00     0.2015E+01     0.5516E+04     0.1985E+03     0.1085E+03     0.1026E+02     0.7053E+00     0.1316E-02     0.5943E-02     0.2193E-02     0.3423E-01     0.1708E+03     0.0000E+00     0.2575E+03
   365    12    31  2002      50       1  main_50              0.4637E-02     0.0000E+00     0.6010E-02     0.1484E+00     0.2299E+03     0.8948E+04     0.1149E+03     0.0000E+00     0.4987E+01     0.8305E+04     0.2697E+03     0.2583E+03     0.1147E+02     0.7575E+00     0.1032E-02     0.8591E-02     0.3033E-02     0.6864E-01     0.2410E+03     0.0000E+00     0.3123E+03
   365    12    31  2002      51       1  main_51              0.4771E-02     0.0000E+00     0.5252E-02     0.1527E+00     0.1386E+03     0.7754E+04     0.6930E+02     0.0000E+00     0.3918E+01     0.7227E+04     0.2227E+03     0.2351E+03     0.1064E+02     0.7393E+00     0.1363E-02     0.1008E-01     0.3188E-02     0.6867E-01     0.3068E+03     0.0000E+00     0.3378E+03
   365    12    31  2002      52       1  main_52              0.2928E-02     0.0000E+00     0.2879E-02     0.9370E-01     0.1003E+03     0.2994E+04     0.5015E+02     0.0000E+00     0.3924E+01     0.2727E+04     0.6276E+02     0.1547E+03     0.1596E+02     0.8963E+00     0.1164E-02     0.2967E-02     0.8638E-03     0.2476E-01     0.8662E+02     0.0000E+00     0.8517E+02
   365    12    31  2002      53       1  main_53              0.1422E-01     0.0000E+00     0.1819E-01     0.4549E+00     0.8011E+04     0.6718E+05     0.4006E+04     0.0000E+00     0.3910E+03     0.6038E+05     0.1268E+04     0.1526E+04     0.2237E+02     0.1132E+01     0.1036E-02     0.1114E-01     0.3273E-02     0.1379E+00     0.3100E+03     0.0000E+00     0.3967E+03
   365    12    31  2002      54       1  main_54              0.4247E-02     0.0000E+00     0.5002E-02     0.1359E+00     0.1232E+03     0.4908E+04     0.6161E+02     0.0000E+00     0.4264E+01     0.4525E+04     0.9249E+02     0.2289E+03     0.1271E+02     0.7996E+00     0.1111E-02     0.5810E-02     0.1339E-02     0.5150E-01     0.1646E+03     0.0000E+00     0.1938E+03
   365    12    31  2002      55       1  main_55              0.4704E-02     0.0000E+00     0.4505E-02     0.1505E+00     0.1395E+03     0.4892E+04     0.6973E+02     0.0000E+00     0.5307E+01     0.4428E+04     0.1197E+03     0.2747E+03     0.1090E+02     0.7295E+00     0.1043E-02     0.7694E-02     0.2217E-02     0.7956E-01     0.2821E+03     0.0000E+00     0.2701E+03
   365    12    31  2002      56       1  main_56              0.3258E-01     0.0000E+00     0.3637E-01     0.1042E+01     0.1804E+05     0.2189E+06     0.9022E+04     0.0000E+00     0.3848E+03     0.1984E+06     0.5143E+04     0.6332E+04     0.2656E+02     0.1372E+01     0.1066E-02     0.2866E-01     0.1029E-01     0.4010E+00     0.8774E+03     0.0000E+00     0.9795E+03
   365    12    31  2002      57       1  main_57              0.1818E-02     0.0000E+00     0.2453E-02     0.5818E-01     0.5676E+02     0.1804E+04     0.2838E+02     0.0000E+00     0.4066E+01     0.1659E+04     0.2975E+02     0.8706E+02     0.8629E+01     0.6197E+00     0.1525E-02     0.3834E-02     0.6766E-03     0.3714E-01     0.2115E+03     0.0000E+00     0.2853E+03
   365    12    31  2002      58       1  main_58              0.4489E-02     0.0000E+00     0.8159E-02     0.1436E+00     0.1037E+03     0.1027E+05     0.5183E+02     0.0000E+00     0.6238E+01     0.9877E+04     0.1854E+03     0.1550E+03     0.1840E+02     0.1043E+01     0.1086E-02     0.3521E-02     0.8227E-03     0.1843E-01     0.6919E+02     0.0000E+00     0.1257E+03
   365    12    31  2002      59       1  main_59              0.1292E+00     0.1145E-02     0.9981E-01     0.4135E+01     0.2534E+06     0.1892E+06     0.1267E+06     0.0000E+00     0.4076E+05     0.0000E+00     0.7330E+04     0.5516E+05     0.4728E+02     0.1693E+01     0.1000E-02     0.0000E+00     0.2084E-01     0.1574E+01     0.2992E+04     0.2652E+02     0.2311E+04
   365    12    31  2002      60       1  main_60              0.1312E+00     0.1695E-02     0.8119E-01     0.4200E+01     0.2228E+06     0.1823E+06     0.1114E+06     0.0000E+00     0.4221E+05     0.0000E+00     0.8125E+04     0.6279E+05     0.5195E+02     0.1792E+01     0.1000E-02     0.0000E+00     0.1835E-01     0.1540E+01     0.2777E+04     0.3586E+02     0.1718E+04
   365    12    31  2002      61       1  main_61              0.5988E-02     0.0000E+00     0.7196E-02     0.1916E+00     0.2029E+03     0.9018E+04     0.1015E+03     0.0000E+00     0.3653E+01     0.8275E+04     0.2599E+03     0.3810E+03     0.1347E+02     0.8250E+00     0.1064E-02     0.9947E-02     0.3641E-02     0.7916E-01     0.1969E+03     0.0000E+00     0.2366E+03
   365    12    31  2002      62       1  main_62              0.8302E-02     0.1158E-02     0.8620E-02     0.2657E+00     0.2023E+03     0.9905E+03     0.1012E+03     0.0000E+00     0.1138E+02     0.0000E+00     0.1027E+03     0.7866E+03     0.1693E+02     0.9110E+00     0.1000E-02     0.0000E+00     0.2302E-02     0.1164E+00     0.2972E+03     0.4145E+02     0.3086E+03
   365    12    31  2002      63       1  main_63              0.1796E-02     0.0000E+00     0.2759E-02     0.5749E-01     0.1179E+03     0.2215E+04     0.5896E+02     0.0000E+00     0.6064E+01     0.2004E+04     0.5027E+02     0.1023E+03     0.1160E+02     0.7344E+00     0.1076E-02     0.2951E-02     0.8277E-03     0.2741E-01     0.9003E+02     0.0000E+00     0.1383E+03
   365    12    31  2002      64       1  main_64              0.7742E-02     0.0000E+00     0.1266E-01     0.2478E+00     0.3278E+03     0.3051E+05     0.1639E+03     0.0000E+00     0.1308E+02     0.2911E+05     0.7155E+03     0.5225E+03     0.1959E+02     0.1036E+01     0.1027E-02     0.6608E-02     0.2173E-02     0.5873E-01     0.1134E+03     0.0000E+00     0.1855E+03
   365    12    31  2002      65       1  main_65              0.4005E-02     0.3372E-03     0.3664E-02     0.1282E+00     0.7646E+02     0.1634E+04     0.3823E+02     0.0000E+00     0.3863E+01     0.1379E+04     0.3460E+02     0.1822E+03     0.1153E+02     0.7361E+00     0.1022E-02     0.5066E-02     0.1409E-02     0.4920E-01     0.2047E+03     0.1724E+02     0.1873E+03
   365    12    31  2002      66       1  main_66              0.2339E-02     0.0000E+00     0.2436E-02     0.7483E-01     0.9484E+02     0.2356E+03     0.4742E+02     0.0000E+00     0.1611E+02     0.0000E+00     0.8740E+00     0.1874E+03     0.1412E+02     0.8163E+00     0.1000E-02     0.0000E+00     0.2940E-04     0.3711E-01     0.1530E+03     0.0000E+00     0.1593E+03
   365    12    31  2002      67       1  main_67              0.6999E-02     0.3456E-03     0.5737E-02     0.2240E+00     0.1703E+04     0.1712E+04     0.8513E+03     0.0000E+00     0.4315E+03     0.0000E+00     0.5807E+02     0.8027E+03     0.1594E+02     0.8781E+00     0.1000E-02     0.0000E+00     0.1342E-02     0.1310E+00     0.4919E+03     0.2429E+02     0.4031E+03
   365    12    31  2002      68       1  main_68              0.1819E-02     0.1197E-02     0.3124E-02     0.5821E-01     0.1368E+02     0.2090E+04     0.6838E+01     0.0000E+00     0.1025E+01     0.2020E+04     0.7116E+01     0.5607E+02     0.1120E+02     0.7142E+00     0.1121E-02     0.1830E-02     0.7154E-04     0.1604E-01     0.1007E+03     0.6629E+02     0.1729E+03
   365    12    31  2002      69       1  main_69              0.2947E-02     0.0000E+00     0.2782E-02     0.9429E-01     0.2575E+03     0.2356E+04     0.1288E+03     0.0000E+00     0.7695E+01     0.1548E+04     0.6897E+01     0.6725E+03     0.1881E+02     0.9948E+00     0.1054E-02     0.2077E-02     0.1238E-03     0.8206E-01     0.2576E+03     0.0000E+00     0.2432E+03
   365    12    31  2002      70       1  main_70              0.1197E-01     0.7196E-02     0.9680E-02     0.3831E+00     0.8465E+01     0.1447E+05     0.4233E+01     0.0000E+00     0.5982E+00     0.1316E+05     0.3002E+03     0.1006E+04     0.1237E+02     0.8314E+00     0.1139E-02     0.2221E-01     0.5515E-02     0.2303E+00     0.5020E+03     0.3017E+03     0.4059E+03
   365    12    31  2002      71       1  main_71              0.9574E-02     0.1329E-05     0.8690E-02     0.3064E+00     0.2433E+03     0.1241E+05     0.1216E+03     0.0000E+00     0.6284E+01     0.1142E+05     0.1995E+03     0.6708E+03     0.1605E+02     0.9178E+00     0.1148E-02     0.8724E-02     0.1901E-02     0.1045E+00     0.3652E+03     0.5070E-01     0.3315E+03
   365    12    31  2002      72       1  main_72              0.2203E-01     0.0000E+00     0.1448E-01     0.7049E+00     0.1832E+05     0.7454E+05     0.9160E+04     0.0000E+00     0.4475E+03     0.5960E+05     0.8468E+03     0.4929E+04     0.2382E+02     0.1218E+01     0.1006E-02     0.1593E-01     0.3149E-02     0.3918E+00     0.8903E+03     0.0000E+00     0.5854E+03
   365    12    31  2002      73       1  main_73              0.4073E-02     0.4157E-03     0.4230E-02     0.1303E+00     0.1020E+03     0.6763E+04     0.5100E+02     0.0000E+00     0.2651E+01     0.6292E+04     0.1813E+03     0.2385E+03     0.1136E+02     0.7617E+00     0.1549E-02     0.1193E-01     0.3654E-02     0.6363E-01     0.2175E+03     0.2220E+02     0.2259E+03
   365    12    31  2002      74       1  main_74              0.1853E+00     0.0000E+00     0.1444E+00     0.5931E+01     0.4446E+06     0.9422E+06     0.2223E+06     0.0000E+00     0.2367E+05     0.5866E+06     0.1362E+05     0.1197E+06     0.5636E+02     0.2488E+01     0.1082E-02     0.8939E-01     0.3326E-01     0.1954E+01     0.4845E+04     0.0000E+00     0.3776E+04
   365    12    31  2003       1       1  main_1               0.2161E-01     0.1471E-01     0.1689E-01     0.6916E+00     0.1793E+02     0.4506E+05     0.8967E+01     0.0000E+00     0.1449E+01     0.4048E+05     0.1404E+04     0.3169E+04     0.1213E+02     0.1226E+01     0.1019E-02     0.4174E-01     0.1039E-01     0.5053E+00     0.9886E+03     0.6727E+03     0.7727E+03
   365    12    31  2003       2       1  main_2               0.4486E-02     0.1141E-02     0.4180E-02     0.1436E+00     0.2860E+02     0.3364E+03     0.1430E+02     0.0000E+00     0.3143E+01     0.0000E+00     0.2137E+02     0.3007E+03     0.1519E+02     0.8528E+00     0.1000E-02     0.0000E+00     0.6377E-03     0.5302E-01     0.2143E+03     0.5450E+02     0.1997E+03
   365    12    31  2003       3       1  main_3               0.1943E-01     0.0000E+00     0.1498E-01     0.6217E+00     0.4512E+05     0.5581E+05     0.2256E+05     0.0000E+00     0.2514E+04     0.2858E+05     0.4730E+03     0.4198E+04     0.1792E+02     0.1275E+01     0.1017E-02     0.2276E-01     0.3796E-02     0.4266E+00     0.7806E+03     0.0000E+00     0.6017E+03
   365    12    31  2003       4       1  main_4               0.5962E-03     0.0000E+00     0.1737E-02     0.1908E-01     0.1749E+02     0.4443E+03     0.8746E+01     0.0000E+00     0.2512E+01     0.4049E+03     0.1005E+02     0.2055E+02     0.1024E+02     0.6872E+00     0.1016E-02     0.5669E-03     0.1482E-03     0.6666E-02     0.4267E+02     0.0000E+00     0.1243E+03
   365    12    31  2003       5       1  main_5               0.4941E-02     0.0000E+00     0.7542E-02     0.1581E+00     0.1057E+03     0.7950E+04     0.5284E+02     0.0000E+00     0.3207E+01     0.7371E+04     0.2112E+03     0.3154E+03     0.1493E+02     0.8637E+00     0.1010E-02     0.6186E-02     0.2153E-02     0.5546E-01     0.1840E+03     0.0000E+00     0.2809E+03
   365    12    31  2003       6       1  main_6               0.2433E-02     0.0000E+00     0.2846E-02     0.7785E-01     0.7171E+02     0.3067E+04     0.3585E+02     0.0000E+00     0.4507E+01     0.2828E+04     0.6674E+02     0.1369E+03     0.1119E+02     0.7640E+00     0.1177E-02     0.3599E-02     0.8826E-03     0.3665E-01     0.1357E+03     0.0000E+00     0.1587E+03
   365    12    31  2003       7       1  main_7               0.1361E-02     0.0000E+00     0.2881E-02     0.4355E-01     0.2627E+02     0.1544E+04     0.1314E+02     0.0000E+00     0.4768E+01     0.1463E+04     0.2778E+02     0.3977E+02     0.1147E+02     0.7365E+00     0.1199E-02     0.1431E-02     0.2995E-03     0.1076E-01     0.7057E+02     0.0000E+00     0.1494E+03
   365    12    31  2003       8       1  main_8               0.2569E-02     0.0000E+00     0.4581E-02     0.8220E-01     0.7070E+02     0.5451E+04     0.3535E+02     0.0000E+00     0.5080E+01     0.5127E+04     0.1390E+03     0.1497E+03     0.1539E+02     0.8962E+00     0.1237E-02     0.3258E-02     0.1071E-02     0.2474E-01     0.1020E+03     0.0000E+00     0.1819E+03
   365    12    31  2003       9       1  main_9               0.7057E-02     0.4391E-03     0.7545E-02     0.2258E+00     0.2023E+04     0.2497E+04     0.1011E+04     0.0000E+00     0.6399E+03     0.0000E+00     0.9609E+02     0.1390E+04     0.2179E+02     0.1061E+01     0.1000E-02     0.0000E+00     0.8179E-03     0.1373E+00     0.4397E+03     0.2736E+02     0.4701E+03
   365    12    31  2003      10       1  main_10              0.2358E-02     0.1094E-04     0.2792E-02     0.7545E-01     0.5827E+02     0.1738E+03     0.2914E+02     0.0000E+00     0.1023E+02     0.0000E+00     0.3843E+02     0.1063E+03     0.1188E+02     0.7347E+00     0.1000E-02     0.0000E+00     0.6863E-03     0.2781E-01     0.1109E+03     0.5145E+00     0.1313E+03
   365    12    31  2003      11       1  main_11              0.1998E-02     0.0000E+00     0.2173E-02     0.6394E-01     0.7855E+02     0.1516E+03     0.3928E+02     0.0000E+00     0.1373E+02     0.0000E+00     0.1497E+02     0.9734E+02     0.1185E+02     0.7337E+00     0.1000E-02     0.0000E+00     0.3963E-03     0.2557E-01     0.9462E+02     0.0000E+00     0.1029E+03
   365    12    31  2003      12       1  main_12              0.7987E-02     0.1012E-03     0.5436E-02     0.2556E+00     0.3667E+03     0.5487E+04     0.1833E+03     0.0000E+00     0.6867E+01     0.4243E+04     0.4542E+02     0.1016E+04     0.2127E+02     0.1163E+01     0.1267E-02     0.5426E-02     0.7546E-03     0.9408E-01     0.3590E+03     0.4548E+01     0.2443E+03
   365    12    31  2003      13       1  main_13              0.3640E-02     0.0000E+00     0.4940E-02     0.1165E+00     0.8900E+02     0.4129E+04     0.4450E+02     0.0000E+00     0.4344E+01     0.3802E+04     0.7910E+02     0.2037E+03     0.1537E+02     0.8922E+00     0.1006E-02     0.2782E-02     0.7029E-03     0.3385E-01     0.1572E+03     0.0000E+00     0.2133E+03
   365    12    31  2003      14       1  main_14              0.3011E-01     0.0000E+00     0.2500E-01     0.9636E+00     0.5638E+05     0.3654E+05     0.2819E+05     0.0000E+00     0.2226E+05     0.0000E+00     0.7640E+03     0.7589E+04     0.2521E+02     0.1157E+01     0.1000E-02     0.0000E+00     0.4864E-02     0.5942E+00     0.1273E+04     0.0000E+00     0.1057E+04
   365    12    31  2003      15       1  main_15              0.2100E-02     0.0000E+00     0.3994E-02     0.6721E-01     0.3541E+02     0.2448E+04     0.1771E+02     0.0000E+00     0.3798E+01     0.2319E+04     0.5551E+02     0.5576E+02     0.1368E+02     0.8490E+00     0.1047E-02     0.1742E-02     0.4760E-03     0.1098E-01     0.6609E+02     0.0000E+00     0.1257E+03
   365    12    31  2003      16       1  main_16              0.3186E-01     0.0000E+00     0.2592E-01     0.1019E+01     0.2621E+05     0.2501E+05     0.1311E+05     0.0000E+00     0.7412E+04     0.0000E+00     0.4149E+03     0.1149E+05     0.3181E+02     0.1333E+01     0.1000E-02     0.0000E+00     0.4178E-02     0.6185E+00     0.1766E+04     0.0000E+00     0.1436E+04
   365    12    31  2003      17       1  main_17              0.6178E-02     0.0000E+00     0.8035E-02     0.1977E+00     0.2124E+03     0.2005E+05     0.1062E+03     0.0000E+00     0.3197E+01     0.1876E+05     0.6922E+03     0.4917E+03     0.1418E+02     0.8982E+00     0.1588E-02     0.1735E-01     0.7158E-02     0.8836E-01     0.1762E+03     0.0000E+00     0.2291E+03
   365    12    31  2003      18       1  main_18              0.1477E-02     0.0000E+00     0.1548E-02     0.4726E-01     0.4493E+02     0.2733E+03     0.2247E+02     0.0000E+00     0.5326E+01     0.9942E+02     0.1258E+01     0.1501E+03     0.1594E+02     0.9027E+00     0.1233E-02     0.1356E-02     0.2139E-03     0.2381E-01     0.1050E+03     0.0000E+00     0.1101E+03
   365    12    31  2003      19       1  main_19              0.5074E-01     0.9689E-04     0.4205E-01     0.1624E+01     0.6166E+05     0.4749E+05     0.3083E+05     0.0000E+00     0.1909E+05     0.0000E+00     0.7594E+03     0.1591E+05     0.3436E+02     0.1395E+01     0.1000E-02     0.0000E+00     0.8261E-02     0.7577E+00     0.1493E+04     0.2852E+01     0.1238E+04
   365    12    31  2003      20       1  main_20              0.1714E-02     0.2798E-05     0.1849E-02     0.5484E-01     0.8383E+02     0.9813E+03     0.4191E+02     0.0000E+00     0.3806E+01     0.8056E+03     0.1816E+02     0.1156E+03     0.1036E+02     0.7167E+00     0.1125E-02     0.3270E-02     0.7519E-03     0.3555E-01     0.1189E+03     0.1941E+00     0.1283E+03
   365    12    31  2003      21       1  main_21              0.2465E-02     0.0000E+00     0.3721E-02     0.7887E-01     0.7260E+02     0.2842E+03     0.3630E+02     0.0000E+00     0.6036E+01     0.0000E+00     0.3770E+02     0.2102E+03     0.1371E+02     0.8016E+00     0.1000E-02     0.0000E+00     0.6512E-03     0.4368E-01     0.1402E+03     0.0000E+00     0.2117E+03
   365    12    31  2003      22       1  main_22              0.2979E-01     0.0000E+00     0.2122E-01     0.9532E+00     0.2530E+05     0.2482E+05     0.1265E+05     0.0000E+00     0.4871E+04     0.0000E+00     0.8063E+03     0.1137E+05     0.3476E+02     0.1406E+01     0.1000E-02     0.0000E+00     0.4171E-02     0.5308E+00     0.1790E+04     0.0000E+00     0.1275E+04
   365    12    31  2003      23       1  main_23              0.2324E-02     0.0000E+00     0.4533E-02     0.7437E-01     0.8605E+02     0.7263E+04     0.4303E+02     0.0000E+00     0.3069E+01     0.6828E+04     0.2380E+03     0.1543E+03     0.1039E+02     0.7280E+00     0.1643E-02     0.7852E-02     0.2772E-02     0.4679E-01     0.1601E+03     0.0000E+00     0.3122E+03
   365    12    31  2003      24       1  main_24              0.6024E-02     0.0000E+00     0.6215E-02     0.1928E+00     0.2194E+03     0.5861E+03     0.1097E+03     0.0000E+00     0.3010E+02     0.0000E+00     0.7675E+02     0.3997E+03     0.1489E+02     0.8424E+00     0.1000E-02     0.0000E+00     0.2111E-02     0.7276E-01     0.2328E+03     0.0000E+00     0.2401E+03
   365    12    31  2003      25       1  main_25              0.7722E-02     0.0000E+00     0.7639E-02     0.2471E+00     0.7427E+04     0.4716E+04     0.3714E+04     0.0000E+00     0.3204E+04     0.0000E+00     0.4569E+02     0.9570E+03     0.1732E+02     0.9414E+00     0.1000E-02     0.0000E+00     0.2458E-02     0.1340E+00     0.3580E+03     0.0000E+00     0.3541E+03
   365    12    31  2003      26       1  main_26              0.5159E-01     0.1288E-03     0.4723E-01     0.1651E+01     0.4910E+05     0.4708E+05     0.2455E+05     0.0000E+00     0.8955E+04     0.0000E+00     0.3269E+03     0.2220E+05     0.3745E+02     0.1470E+01     0.1000E-02     0.0000E+00     0.8262E-02     0.9207E+00     0.5351E+04     0.1336E+02     0.4899E+04
   365    12    31  2003      27       1  main_27              0.3890E-01     0.0000E+00     0.3652E-01     0.1245E+01     0.3000E+05     0.3229E+05     0.1500E+05     0.0000E+00     0.5465E+04     0.0000E+00     0.5357E+03     0.1676E+05     0.3770E+02     0.1477E+01     0.1000E-02     0.0000E+00     0.5726E-02     0.6872E+00     0.3345E+04     0.0000E+00     0.3140E+04
   365    12    31  2003      28       1  main_28              0.9314E-03     0.0000E+00     0.1638E-02     0.2980E-01     0.3429E+02     0.9171E+03     0.1715E+02     0.0000E+00     0.3497E+01     0.8370E+03     0.1134E+02     0.5161E+02     0.1015E+02     0.6984E+00     0.1136E-02     0.1326E-02     0.1851E-03     0.1667E-01     0.6838E+02     0.0000E+00     0.1203E+03
   365    12    31  2003      29       1  main_29              0.1615E-02     0.0000E+00     0.1941E-02     0.5169E-01     0.6775E+02     0.2990E+04     0.3388E+02     0.0000E+00     0.2367E+01     0.2763E+04     0.7287E+02     0.1203E+03     0.1062E+02     0.7702E+00     0.1431E-02     0.4200E-02     0.1083E-02     0.3370E-01     0.1049E+03     0.0000E+00     0.1260E+03
   365    12    31  2003      30       1  main_30              0.4052E-02     0.0000E+00     0.4078E-02     0.1297E+00     0.2120E+03     0.4879E+04     0.1060E+03     0.0000E+00     0.5722E+01     0.4316E+04     0.1386E+03     0.3187E+03     0.1266E+02     0.8696E+00     0.1210E-02     0.7843E-02     0.2616E-02     0.6664E-01     0.1601E+03     0.0000E+00     0.1611E+03
   365    12    31  2003      31       1  main_31              0.4628E-02     0.0000E+00     0.5737E-02     0.1481E+00     0.1120E+03     0.6429E+03     0.5601E+02     0.0000E+00     0.4124E+01     0.0000E+00     0.5641E+02     0.5304E+03     0.1646E+02     0.8955E+00     0.1000E-02     0.0000E+00     0.1373E-02     0.8217E-01     0.3530E+03     0.0000E+00     0.4376E+03
   365    12    31  2003      32       1  main_32              0.1248E-02     0.0000E+00     0.2852E-02     0.3995E-01     0.4379E+02     0.2809E+04     0.2189E+02     0.0000E+00     0.3362E+01     0.2641E+04     0.5008E+02     0.9560E+02     0.1110E+02     0.7704E+00     0.1151E-02     0.2230E-02     0.4309E-03     0.2554E-01     0.7143E+02     0.0000E+00     0.1632E+03
   365    12    31  2003      33       1  main_33              0.1186E-02     0.0000E+00     0.2441E-02     0.3797E-01     0.2872E+02     0.1689E+04     0.1436E+02     0.0000E+00     0.2188E+01     0.1570E+04     0.3713E+02     0.6729E+02     0.1069E+02     0.7293E+00     0.1266E-02     0.2415E-02     0.5920E-03     0.1975E-01     0.7534E+02     0.0000E+00     0.1550E+03
   365    12    31  2003      34       1  main_34              0.5314E-02     0.0000E+00     0.1118E-01     0.1700E+00     0.2067E+03     0.2846E+05     0.1034E+03     0.0000E+00     0.5687E+01     0.2713E+05     0.7594E+03     0.4637E+03     0.1817E+02     0.1099E+01     0.1421E-02     0.8591E-02     0.2824E-02     0.5329E-01     0.1418E+03     0.0000E+00     0.2983E+03
   365    12    31  2003      35       1  main_35              0.1646E-02     0.0000E+00     0.3959E-02     0.5267E-01     0.6585E+02     0.5885E+04     0.3292E+02     0.0000E+00     0.2258E+01     0.5590E+04     0.1476E+03     0.1141E+03     0.1122E+02     0.7686E+00     0.1491E-02     0.4669E-02     0.1277E-02     0.3028E-01     0.9116E+02     0.0000E+00     0.2193E+03
   365    12    31  2003      36       1  main_36              0.6588E-02     0.0000E+00     0.8858E-02     0.2108E+00     0.3099E+03     0.2795E+05     0.1549E+03     0.0000E+00     0.1490E+01     0.2624E+05     0.1033E+04     0.5241E+03     0.1338E+02     0.9313E+00     0.1620E-02     0.1926E-01     0.7816E-02     0.9755E-01     0.2229E+03     0.0000E+00     0.2997E+03
   365    12    31  2003      37       1  main_37              0.2589E-01     0.0000E+00     0.2496E-01     0.8284E+00     0.1262E+05     0.9387E+05     0.6308E+04     0.0000E+00     0.9489E+03     0.8034E+05     0.1864E+04     0.5351E+04     0.2774E+02     0.1515E+01     0.1014E-02     0.1902E-01     0.5763E-02     0.2924E+00     0.5249E+03     0.0000E+00     0.5061E+03
   365    12    31  2003      38       1  main_38              0.3696E-02     0.0000E+00     0.4055E-02     0.1183E+00     0.1935E+03     0.7300E+04     0.9677E+02     0.0000E+00     0.3118E+01     0.6666E+04     0.2680E+03     0.2686E+03     0.1129E+02     0.8217E+00     0.1909E-02     0.1533E-01     0.6049E-02     0.6675E-01     0.2023E+03     0.0000E+00     0.2219E+03
   365    12    31  2003      39       1  main_39              0.4680E-02     0.0000E+00     0.6087E-02     0.1498E+00     0.2723E+03     0.1588E+05     0.1361E+03     0.0000E+00     0.3749E+01     0.1480E+05     0.6110E+03     0.3315E+03     0.1370E+02     0.9090E+00     0.2023E-02     0.1651E-01     0.7374E-02     0.6188E-01     0.1478E+03     0.0000E+00     0.1922E+03
   365    12    31  2003      40       1  main_40              0.1156E-02     0.0000E+00     0.1434E-02     0.3700E-01     0.6878E+02     0.1224E+04     0.3439E+02     0.0000E+00     0.2051E+01     0.1095E+04     0.2932E+02     0.6596E+02     0.1004E+02     0.7254E+00     0.1596E-02     0.3575E-02     0.9379E-03     0.2074E-01     0.8791E+02     0.0000E+00     0.1091E+03
   365    12    31  2003      41       1  main_41              0.2951E-02     0.0000E+00     0.4071E-02     0.9444E-01     0.1034E+03     0.5111E+04     0.5170E+02     0.0000E+00     0.2308E+01     0.4640E+04     0.1228E+03     0.2966E+03     0.1271E+02     0.8093E+00     0.1568E-02     0.7814E-02     0.2288E-02     0.6564E-01     0.2333E+03     0.0000E+00     0.3218E+03
   365    12    31  2003      42       1  main_42              0.8580E-02     0.0000E+00     0.1441E-01     0.2746E+00     0.1502E+04     0.3719E+05     0.7511E+03     0.0000E+00     0.6781E+02     0.3426E+05     0.8868E+03     0.1294E+04     0.2064E+02     0.1101E+01     0.1259E-02     0.1166E-01     0.3992E-02     0.1296E+00     0.3251E+03     0.0000E+00     0.5460E+03
   365    12    31  2003      43       1  main_43              0.2195E-02     0.0000E+00     0.4415E-02     0.7025E-01     0.6877E+02     0.9225E+04     0.3439E+02     0.0000E+00     0.1505E+01     0.8714E+04     0.3184E+03     0.1573E+03     0.1107E+02     0.7828E+00     0.1626E-02     0.7657E-02     0.2793E-02     0.4133E-01     0.1266E+03     0.0000E+00     0.2546E+03
   365    12    31  2003      44       1  main_44              0.1611E-01     0.0000E+00     0.1264E-01     0.5156E+00     0.2832E+05     0.1817E+05     0.1416E+05     0.0000E+00     0.1094E+05     0.0000E+00     0.4735E+03     0.3542E+04     0.2261E+02     0.1084E+01     0.1000E-02     0.0000E+00     0.3468E-02     0.3299E+00     0.1282E+04     0.0000E+00     0.1006E+04
   365    12    31  2003      45       1  main_45              0.7094E-02     0.0000E+00     0.7582E-02     0.2270E+00     0.1703E+03     0.8906E+04     0.8514E+02     0.0000E+00     0.2537E+01     0.8103E+04     0.2040E+03     0.5137E+03     0.1100E+02     0.7584E+00     0.1031E-02     0.1236E-01     0.3220E-02     0.1416E+00     0.4153E+03     0.0000E+00     0.4439E+03
   365    12    31  2003      46       1  main_46              0.9119E-03     0.0000E+00     0.1910E-02     0.2918E-01     0.5276E+02     0.1181E+04     0.2638E+02     0.0000E+00     0.1920E+01     0.1069E+04     0.2663E+02     0.5867E+02     0.1020E+02     0.7049E+00     0.1218E-02     0.1967E-02     0.5037E-03     0.1866E-01     0.6604E+02     0.0000E+00     0.1383E+03
   365    12    31  2003      47       1  main_47              0.1079E-02     0.0000E+00     0.4845E-02     0.3453E-01     0.2761E+02     0.4479E+04     0.1380E+02     0.0000E+00     0.1909E+01     0.4307E+04     0.9131E+02     0.6712E+02     0.1472E+02     0.8735E+00     0.1460E-02     0.1931E-02     0.4878E-03     0.1194E-01     0.4265E+02     0.0000E+00     0.1915E+03
   365    12    31  2003      48       1  main_48              0.5768E-01     0.1553E-04     0.4532E-01     0.1846E+01     0.1115E+06     0.7736E+05     0.5577E+05     0.0000E+00     0.3157E+05     0.0000E+00     0.4493E+04     0.1709E+05     0.3522E+02     0.1416E+01     0.1000E-02     0.0000E+00     0.1094E-01     0.7824E+00     0.1461E+04     0.3934E+00     0.1148E+04
   365    12    31  2003      49       1  main_49              0.2094E-02     0.0000E+00     0.2879E-02     0.6701E-01     0.8424E+02     0.4324E+04     0.4212E+02     0.0000E+00     0.2548E+01     0.4051E+04     0.1033E+03     0.1279E+03     0.1027E+02     0.7308E+00     0.1314E-02     0.4361E-02     0.1114E-02     0.3910E-01     0.1491E+03     0.0000E+00     0.2050E+03
   365    12    31  2003      50       1  main_50              0.5080E-02     0.0000E+00     0.6487E-02     0.1625E+00     0.2502E+03     0.9896E+04     0.1251E+03     0.0000E+00     0.5360E+01     0.9144E+04     0.3018E+03     0.3246E+03     0.1148E+02     0.7855E+00     0.1030E-02     0.9450E-02     0.3240E-02     0.8276E-01     0.2640E+03     0.0000E+00     0.3372E+03
   365    12    31  2003      51       1  main_51              0.2626E-02     0.0000E+00     0.2561E-02     0.8402E-01     0.1133E+03     0.3864E+04     0.5667E+02     0.0000E+00     0.5656E+01     0.3571E+04     0.1057E+03     0.1298E+03     0.1065E+02     0.7695E+00     0.1361E-02     0.4977E-02     0.1458E-02     0.3653E-01     0.1689E+03     0.0000E+00     0.1647E+03
   365    12    31  2003      52       1  main_52              0.4156E-02     0.0000E+00     0.4434E-02     0.1330E+00     0.1978E+03     0.5596E+04     0.9891E+02     0.0000E+00     0.8116E+01     0.5041E+04     0.1419E+03     0.3137E+03     0.1597E+02     0.9159E+00     0.1162E-02     0.5483E-02     0.1924E-02     0.4937E-01     0.1229E+03     0.0000E+00     0.1312E+03
   365    12    31  2003      53       1  main_53              0.1855E-01     0.0000E+00     0.2089E-01     0.5937E+00     0.4147E+04     0.9546E+05     0.2073E+04     0.0000E+00     0.3765E+03     0.8882E+05     0.2257E+04     0.2306E+04     0.2239E+02     0.1193E+01     0.1034E-02     0.1638E-01     0.5585E-02     0.1993E+00     0.4047E+03     0.0000E+00     0.4555E+03
   365    12    31  2003      54       1  main_54              0.7373E-02     0.0000E+00     0.7705E-02     0.2359E+00     0.1893E+03     0.1033E+05     0.9463E+02     0.0000E+00     0.2997E+01     0.9515E+04     0.2478E+03     0.4683E+03     0.1272E+02     0.8357E+00     0.1108E-02     0.1221E-01     0.3445E-02     0.1012E+00     0.2857E+03     0.0000E+00     0.2986E+03
   365    12    31  2003      55       1  main_55              0.2630E-02     0.0000E+00     0.3056E-02     0.8417E-01     0.1018E+03     0.2689E+04     0.5092E+02     0.0000E+00     0.6197E+01     0.2429E+04     0.8135E+02     0.1279E+03     0.1091E+02     0.7502E+00     0.1040E-02     0.4217E-02     0.1464E-02     0.3595E-01     0.1577E+03     0.0000E+00     0.1833E+03
   365    12    31  2003      56       1  main_56              0.3993E-01     0.0000E+00     0.4364E-01     0.1278E+01     0.2004E+05     0.2694E+06     0.1002E+05     0.0000E+00     0.4743E+03     0.2439E+06     0.6752E+04     0.8728E+04     0.2660E+02     0.1495E+01     0.1063E-02     0.3517E-01     0.1245E-01     0.5080E+00     0.1075E+04     0.0000E+00     0.1175E+04
   365    12    31  2003      57       1  main_57              0.2222E-02     0.0000E+00     0.2720E-02     0.7111E-01     0.7616E+02     0.2924E+04     0.3808E+02     0.0000E+00     0.3482E+01     0.2698E+04     0.7646E+02     0.1111E+03     0.8633E+01     0.6347E+00     0.1523E-02     0.6232E-02     0.1690E-02     0.4599E-01     0.2585E+03     0.0000E+00     0.3163E+03
   365    12    31  2003      58       1  main_58              0.2099E-01     0.0000E+00     0.2667E-01     0.6717E+00     0.6268E+03     0.8673E+05     0.3134E+03     0.0000E+00     0.1028E+02     0.8158E+05     0.3025E+04     0.1811E+04     0.1842E+02     0.1090E+01     0.1084E-02     0.2904E-01     0.1275E-01     0.2032E+00     0.3235E+03     0.0000E+00     0.4110E+03
   365    12    31  2003      59       1  main_59              0.1233E+00     0.1850E-02     0.9638E-01     0.3945E+01     0.1728E+06     0.1449E+06     0.8642E+05     0.0000E+00     0.3030E+05     0.0000E+00     0.6762E+04     0.5167E+05     0.4735E+02     0.1693E+01     0.1000E-02     0.0000E+00     0.1922E-01     0.1472E+01     0.2854E+04     0.4283E+02     0.2232E+04
   365    12    31  2003      60       1  main_60              0.1330E+00     0.1932E-02     0.1032E+00     0.4255E+01     0.2212E+06     0.1803E+06     0.1106E+06     0.0000E+00     0.3837E+05     0.0000E+00     0.8961E+04     0.6074E+05     0.5202E+02     0.1792E+01     0.1000E-02     0.0000E+00     0.2024E-01     0.1488E+01     0.2813E+04     0.4088E+02     0.2183E+04
   365    12    31  2003      61       1  main_61              0.1239E-02     0.0000E+00     0.2114E-02     0.3963E-01     0.4365E+02     0.1209E+04     0.2183E+02     0.0000E+00     0.4061E+01     0.1110E+04     0.1822E+02     0.5907E+02     0.1347E+02     0.8407E+00     0.1063E-02     0.1334E-02     0.2488E-03     0.1193E-01     0.4071E+02     0.0000E+00     0.6949E+02
   365    12    31  2003      62       1  main_62              0.1672E-02     0.3984E-06     0.2034E-02     0.5351E-01     0.5798E+02     0.1418E+03     0.2899E+02     0.0000E+00     0.1177E+02     0.0000E+00     0.6358E+01     0.1064E+03     0.1694E+02     0.9110E+00     0.1000E-02     0.0000E+00     0.1425E-03     0.1575E-01     0.5987E+02     0.1426E-01     0.7283E+02
   365    12    31  2003      63       1  main_63              0.8995E-03     0.0000E+00     0.1729E-02     0.2878E-01     0.4088E+02     0.8677E+03     0.2044E+02     0.0000E+00     0.3382E+01     0.7856E+03     0.1141E+02     0.5024E+02     0.1161E+02     0.7431E+00     0.1075E-02     0.1157E-02     0.1860E-03     0.1333E-01     0.4508E+02     0.0000E+00     0.8666E+02
   365    12    31  2003      64       1  main_64              0.8633E-02     0.0000E+00     0.1428E-01     0.2762E+00     0.2663E+03     0.2555E+05     0.1332E+03     0.0000E+00     0.1185E+02     0.2445E+05     0.5913E+03     0.3769E+03     0.1960E+02     0.1060E+01     0.1026E-02     0.5549E-02     0.1759E-02     0.4153E-01     0.1265E+03     0.0000E+00     0.2092E+03
   365    12    31  2003      65       1  main_65              0.1837E-02     0.4262E-05     0.1811E-02     0.5879E-01     0.4482E+02     0.6832E+03     0.2241E+02     0.0000E+00     0.3413E+01     0.5645E+03     0.1212E+02     0.8416E+02     0.1153E+02     0.7500E+00     0.1019E-02     0.2073E-02     0.4857E-03     0.2229E-01     0.9391E+02     0.2179E+00     0.9259E+02
   365    12    31  2003      66       1  main_66              0.4334E-02     0.1084E-04     0.4478E-02     0.1387E+00     0.1973E+03     0.5177E+03     0.9867E+02     0.0000E+00     0.1320E+02     0.0000E+00     0.6090E+02     0.3581E+03     0.1413E+02     0.8163E+00     0.1000E-02     0.0000E+00     0.2048E-02     0.7091E-01     0.2835E+03     0.7094E+00     0.2930E+03
   365    12    31  2003      67       1  main_67              0.4241E-02     0.2822E-03     0.3951E-02     0.1357E+00     0.7421E+03     0.7894E+03     0.3710E+03     0.0000E+00     0.1697E+03     0.0000E+00     0.2435E+02     0.3940E+03     0.1594E+02     0.8781E+00     0.1000E-02     0.0000E+00     0.5628E-03     0.6428E-01     0.2981E+03     0.1983E+02     0.2777E+03
   365    12    31  2003      68       1  main_68              0.4915E-02     0.4184E-02     0.4394E-02     0.1573E+00     0.9663E+01     0.1018E+05     0.4832E+01     0.0000E+00     0.1528E+01     0.9646E+04     0.9326E+02     0.4370E+03     0.1121E+02     0.7407E+00     0.1119E-02     0.8740E-02     0.9138E-03     0.1218E+00     0.2721E+03     0.2316E+03     0.2432E+03
   365    12    31  2003      69       1  main_69              0.6718E-02     0.0000E+00     0.6634E-02     0.2150E+00     0.6208E+03     0.6666E+04     0.3104E+03     0.0000E+00     0.8894E+01     0.4997E+04     0.1043E+03     0.1254E+04     0.1881E+02     0.1016E+01     0.1051E-02     0.6704E-02     0.1838E-02     0.1508E+00     0.5874E+03     0.0000E+00     0.5800E+03
   365    12    31  2003      70       1  main_70              0.8488E-02     0.5298E-02     0.7247E-02     0.2716E+00     0.8777E+01     0.1042E+05     0.4388E+01     0.0000E+00     0.5735E+00     0.9374E+04     0.2019E+03     0.8373E+03     0.1239E+02     0.8912E+00     0.1132E-02     0.1580E-01     0.3415E-02     0.1765E+00     0.3559E+03     0.2221E+03     0.3038E+03
   365    12    31  2003      71       1  main_71              0.5011E-02     0.0000E+00     0.4041E-02     0.1604E+00     0.1317E+03     0.5643E+04     0.6583E+02     0.0000E+00     0.8421E+01     0.5189E+04     0.1052E+03     0.2832E+03     0.1605E+02     0.9402E+00     0.1146E-02     0.3964E-02     0.9759E-03     0.4307E-01     0.1911E+03     0.0000E+00     0.1541E+03
   365    12    31  2003      72       1  main_72              0.2136E-01     0.6564E-04     0.1584E-01     0.6835E+00     0.2146E+05     0.7681E+05     0.1073E+05     0.0000E+00     0.1322E+04     0.6004E+05     0.7934E+03     0.5247E+04     0.2383E+02     0.1279E+01     0.1004E-02     0.1604E-01     0.2826E-02     0.3969E+00     0.8633E+03     0.2653E+01     0.6401E+03
   365    12    31  2003      73       1  main_73              0.2330E-02     0.1408E-03     0.2147E-02     0.7457E-01     0.7454E+02     0.2799E+04     0.3727E+02     0.0000E+00     0.2242E+01     0.2603E+04     0.6264E+02     0.9583E+02     0.1137E+02     0.7920E+00     0.1545E-02     0.4930E-02     0.1217E-02     0.2455E-01     0.1244E+03     0.7516E+01     0.1146E+03
   365    12    31  2003      74       1  main_74              0.1920E+00     0.4903E-03     0.1463E+00     0.6144E+01     0.5155E+06     0.9808E+06     0.2577E+06     0.0000E+00     0.2012E+05     0.5789E+06     0.1590E+05     0.1282E+06     0.5649E+02     0.2826E+01     0.1066E-02     0.8804E-01     0.3437E-01     0.1845E+01     0.5019E+04     0.1282E+02     0.3826E+04
