 ceap_07120002             SWAT+ Jun 17  2020    MODULAR Rev 2020.60.4                                    
  jday   mon   day    yr    unit  gis_id  name                  precip     snofall      snomlt    surq_gen        latq    wateryld        perc          et       tloss      eplant       esoil   surq_cont          cn     sw_init    sw_final      sw_ave      sw_300    sno_init   sno_final     snopack         pet       qtile         irr  surq_runon  latq_runon    overbank    surq_cha    surq_res     surq_ls    latq_cha    latq_res     latq_ls
                                                                  mm            mm          mm          mm          mm          mm          mm          mm          mm          mm          mm          mm         ---          mm          mm          mm          mm          mm          mm          mm          mm          mm          mm          mm          mm          mm          mm          mm          mm          mm          mm          mm
    365    12    31  2001      1       0  sub_071200020101    1966.061     533.696     530.357      98.865      17.117     117.259     130.062    1352.080       0.000     888.047     464.033     101.753      99.096      89.919     453.127     120.479      31.619       0.000       0.000       6.163    1812.371       1.277       0.000       0.036       0.003       0.000      23.097      14.310       0.198      10.369       1.228       0.017
    365    12    31  2001      2       0  sub_071200020102    2099.388     710.490     509.200      87.805       8.091      95.896      58.544    1452.523       0.000     899.331     553.192      94.388     103.028     111.851     401.577     114.380      30.725       0.000       0.000       9.644    1829.546       0.000       0.000       0.000       0.001       0.000       8.086       0.676       0.021       5.477       0.020       0.001
    365    12    31  2001      3       0  sub_071200020103    1717.333     363.497     361.462     179.759       5.765     185.546      74.306    1407.500       0.000     840.485     567.014     179.759     140.273     217.824     268.523     227.069      47.391       0.000       0.000       1.989    1846.205       0.021       0.000       0.000       0.002       0.000      32.908       3.104       0.017       1.366       0.093       0.001
    365    12    31  2001      4       0  sub_071200020201     869.782     182.770     181.338      44.347       2.616      46.963      14.463     753.595       0.000     377.339     376.256      44.354      69.831      71.751     126.504      93.696      25.033       0.000       0.000       1.040     930.540       0.000       0.000       0.000       0.000       0.000       0.000       0.014       0.000       0.000       0.001       0.000
    365    12    31  2001      5       0  sub_071200020202    1708.323     312.470     311.459      72.112       2.672      74.784      77.489    1445.985       0.000     871.170     574.815      72.183     106.312     107.554     218.261     107.700      24.124       0.000       0.000       1.531    1828.446       0.000       0.000       0.000       0.000       0.000       0.330       0.073       0.003       1.923       0.001       0.000
    365    12    31  2001      6       0  sub_071200020203    1053.283     148.446     147.869     115.640       5.284     129.510      39.264     753.998       0.000     358.507     395.490     115.641      79.334      71.661     202.084     111.925      23.150       0.000       0.000       0.797     895.328       8.587       0.000       0.000       0.000       0.000       0.000       3.561       0.000       0.000       0.163       0.000
    365    12    31  2001      7       0  sub_071200020204     642.822     104.133     101.895      35.092       0.047      35.139       0.018     583.366       0.000     195.808     387.558      35.099      77.515      96.289     120.037      58.110      18.497       0.000       0.000       0.481     948.090       0.000       0.000       0.000       0.000       0.000       0.000       1.490       0.000       0.000       0.002       0.000
    365    12    31  2001      8       0  sub_071200020205    1856.391     416.555     374.868     101.159       1.099     102.258      10.317    1619.940       0.000     999.518     620.422     101.159     131.885     187.418     271.210     183.098      53.405       0.000       0.000       2.928    1861.797       0.000       0.000       0.000       0.000       0.000       1.871       2.680       0.002       0.137       0.026       0.000
    365    12    31  2001      9       0  sub_071200020206    1899.455     180.384     179.929      74.870       6.704      81.574     217.848    1479.583       0.000     910.040     569.543      74.869     112.059     115.105     236.244     142.185      26.758       0.000       0.000       0.607    1803.353       0.000       0.000       0.000       0.002       0.000       0.354       3.003       0.008       2.806       0.157       0.000
    365    12    31  2001     10       0  sub_071200020301    2002.777     432.165     429.203     142.149       5.040     147.393      71.405    1524.461       0.000     918.639     605.822     142.167     100.401     468.698     728.865     524.716      94.946       0.000       0.000       3.538    1759.297       0.203       0.000       0.000       0.002       0.000       0.358       2.986       0.004       0.128       0.103       0.000
    365    12    31  2001     11       0  sub_071200020302    1904.416     605.103     587.108     170.500       1.896     172.396      35.203    1373.162       0.000     824.040     549.123     187.646     136.762     176.750     471.613     156.004      43.044       0.000       0.000       6.726    1818.229       0.000       0.000       0.000       0.001       0.000      52.805       0.173       0.007       0.404       0.002       0.000
    365    12    31  2001     12       0  sub_071200020303    2041.753     311.700     292.541     109.390      13.121     122.510     211.220    1587.953       0.000     970.298     617.655     109.403     114.540     107.623     211.319     136.102      30.952       0.000       0.000       1.282    1864.607       0.000       0.000       0.000       0.002       0.000       0.354      16.085       0.013       8.207       0.725       0.001
    365    12    31  2001     13       0  sub_071200020304    1666.077     670.264     635.344     185.882       0.420     186.302       3.235    1315.319       0.000     783.638     531.681     186.041     153.859     214.334     343.499     152.760      47.329       0.000       0.000       4.071    1815.400       0.000       0.000       0.000       0.000       0.000      75.243       6.141       0.006       0.227       0.011       0.000
    365    12    31  2001     14       0  sub_071200020305    1597.710     279.012     277.938     100.705       0.134     100.839       0.206    1428.214       0.000     839.409     588.804     102.324     142.175     202.304     269.856     115.005      30.516       0.000       0.000       2.908    1800.384       0.000       0.000       0.000       0.000       0.000      14.654       2.737       0.015       0.043       0.003       0.000
    365    12    31  2001     15       0  sub_071200020401    1836.440     273.474     268.310      90.484       4.242      94.726      36.241    1657.583       0.000    1040.278     617.305      90.519     131.900     129.520     174.098     149.284      40.543       0.000       0.000       1.824    1838.013       0.000       0.000       0.000       0.002       0.000       8.631       1.833       0.003       0.300       0.088       0.000
    365    12    31  2001     16       0  sub_071200020402    1730.266     419.674     415.963     174.604       0.585     175.559      13.367    1594.893       0.000    1003.725     591.168     175.131     160.824     257.920     204.561     235.436      59.188       0.000       0.000       2.618    1800.198       0.370       0.000       0.000       0.000       0.000      65.524       5.644       0.039       0.031       0.029       0.000
    365    12    31  2001     17       0  sub_071200020403     797.634     155.709     155.312      78.591       0.047      78.638       1.848     719.616       0.000     319.201     400.415      79.173      78.269      89.076      86.027      61.334      18.772       0.000       0.000       1.344     917.340       0.000       0.000       0.000       0.000       0.000       0.000       0.591       0.000       0.000       0.000       0.000
    365    12    31  2001     18       0  sub_071200020404     945.402     156.871     156.055     105.737       0.363     107.992       9.301     684.706       0.000     276.932     407.774     105.807      79.439      87.419     230.727      81.470      23.981       0.000       0.000       0.691     931.946       1.892       0.000       0.000       0.000       0.000       0.000       0.068       0.000       0.000       0.000       0.000
    365    12    31  2001     19       0  sub_071200020405    1954.437     493.630     492.472     162.089       6.284     168.374      38.855    1527.078       0.000     914.392     612.686     162.093     152.306     186.618     407.458     164.604      49.876       0.000       0.000       2.525    1825.015       0.000       0.000       0.000       0.000       0.000      50.000       7.967       0.025       5.428       0.061       0.000
    365    12    31  2001     20       0  sub_071200020501    2071.384     384.453     381.897     187.371       9.146     196.517     221.661    1529.091       0.000     892.719     636.372     187.606     126.126     113.278     237.867     120.435      31.015       0.000       0.000       1.611    1856.118       0.000       0.000       0.000       0.000       0.000       0.351       0.581       0.016       8.215       0.003       0.000
    365    12    31  2001     21       0  sub_071200020502    1767.274     490.310     487.510     188.843       4.690     193.625      32.479    1556.694       0.000     926.571     630.123     188.962     151.138     172.604     157.415     159.330      36.609       0.000       0.000       5.220    1872.711       0.091       0.000       0.000       0.001       0.000      83.150       0.325       0.012       3.196       0.005       0.000
    365    12    31  2001     22       0  sub_071200020503    1694.013     335.384     334.157     153.602       0.701     154.303       8.324    1482.517       0.000     885.128     597.389     158.198     151.445     167.565     212.558     160.442      48.013       0.000       0.000       1.213    1895.340       0.000       0.000       0.000       0.000       0.000      87.658      10.289       0.016       0.045       0.096       0.000
    365    12    31  2001     23       0  sub_071200020504     843.660     276.408     270.337     138.403       0.044     138.447       0.079     698.844       0.000     295.958     402.885     141.729      80.916      98.578      97.581      69.714      22.755       0.000       0.000       2.425     949.905       0.000       0.000       0.000       0.000       0.000       0.000       2.729       0.000       0.000       0.001       0.000
    365    12    31  2001     24       0  sub_071200020505    1002.153      91.345      90.349     130.378       0.097     130.475       0.754     864.955       0.000     418.707     446.248     130.379      80.681      90.650      96.617      84.839      26.668       0.000       0.000       0.612     925.518       0.000       0.000       0.000       0.000       0.000       0.000       1.757       0.000       0.000       0.001       0.000
    365    12    31  2001     25       0  sub_071200020506    1275.556     224.558     222.431     288.885       0.701     296.167       4.637     893.686       0.000     450.977     442.709     289.181      84.584      93.417     174.174     113.276      30.020       0.000       0.000       1.570     946.085       6.581       0.000       0.000       0.000       0.000       0.000       1.687       0.000       0.000       0.004       0.000
    365    12    31  2001     26       0  sub_071200020507    1429.499     364.563     362.540      84.488       2.201      86.689       6.812    1287.642       0.000     706.187     581.455      84.494     139.140     192.133     241.192     172.055      49.798       0.000       0.000       2.566    1911.137       0.000       0.000       0.000       0.000       0.000       4.194       3.840       0.026       2.064       0.007       0.000
    365    12    31  2001     27       0  sub_071200020508    1945.027     314.128     289.109     100.626       0.515     101.141       0.354    1711.401       0.000    1063.841     647.560     100.645     141.361     173.949     283.016     171.072      46.483       0.000       0.000       2.623    1809.735       0.000       0.000       0.000       0.000       0.000       8.026       7.256       0.023       0.432       0.007       0.000
    365    12    31  2001     28       0  sub_071200020601     891.646     109.902     105.380      74.085       0.032      74.117       0.000     851.741       0.000     416.946     434.795      74.264      81.366     114.970      76.056      77.682      24.211       0.000       0.000       0.471     942.497       0.000       0.000       0.000       0.000       0.000       0.000       0.123       0.000       0.000       0.000       0.000
    365    12    31  2001     29       0  sub_071200020602     921.003     119.314     103.397     116.632       0.021     116.653       0.000     823.434       0.000     413.887     409.546     116.638      84.285     111.544      76.538      82.945      23.784       0.000       0.000       0.474     914.447       0.000       0.000       0.000       0.000       0.000       0.000       1.196       0.000       0.000       0.000       0.000
    365    12    31  2001     30       0  sub_071200020603     857.125     177.306     176.911     170.547       0.043     170.619       0.084     711.429       0.000     296.667     414.762     170.547      86.263     109.811      84.804      80.373      21.753       0.000       0.000       0.827     930.577       0.029       0.000       0.000       0.000       0.000       0.000       1.768       0.000       0.000       0.000       0.000
    365    12    31  2001     31       0  sub_071200020604    2170.994     492.542     490.248     199.378       2.205     212.955      11.301    1628.055       0.000     947.812     680.243     199.469     150.700     244.458     562.459     249.310      59.292       0.000       0.000       1.808    1823.786      11.372       0.000       0.000       0.000       0.000      72.033       3.575       0.017       2.064       0.004       0.000
    365    12    31  2001     32       0  sub_071200020605     805.495      97.456      96.799     107.604       0.057     107.661       0.000     695.445       0.000     271.068     424.377     107.679      82.940     120.055     122.369      86.105      27.029       0.000       0.000       0.460     932.611       0.000       0.000       0.000       0.000       0.000       0.000       0.028       0.000       0.000       0.000       0.000
    365    12    31  2001     33       0  sub_071200020606     832.982     189.922     188.366     148.098       0.019     148.117       0.009     745.571       0.000     307.776     437.794     149.734      80.901     120.524      58.173      83.663      26.056       0.000       0.000       1.397     932.596       0.000       0.000       0.000       0.000       0.000       0.000       0.086       0.000       0.000       0.000       0.000
    365    12    31  2001     34       0  sub_071200020607    1931.308     288.695     287.243     147.137       2.099     149.236       0.052    1670.015       0.000    1015.316     654.698     147.176     150.064     239.398     352.013     213.847      53.617       0.000       0.000       1.998    1820.361       0.000       0.000       0.000       0.000       0.000      30.896       0.548       0.006       1.951       0.001       0.000
    365    12    31  2001     35       0  sub_071200020608    2174.372     249.904     247.615     253.998       1.297     255.295       0.143    1754.491       0.000    1051.141     703.350     254.355     160.766     228.940     393.747     250.948      60.049       0.000       0.000       1.304    1851.538       0.000       0.000       0.000       0.000       0.000      76.264       0.224       0.015       1.198       0.000       0.000
    365    12    31  2001     36       0  sub_071200020609    1595.480     473.297     470.383     262.084       0.522     262.693       5.218    1307.650       0.000     729.978     577.672     262.085     158.232     233.519     254.159     199.382      54.894       0.000       0.000       3.265    1879.637       0.088       0.000       0.000       0.000       0.000      73.614       0.029       0.017       0.332       0.000       0.000
    365    12    31  2001     37       0  sub_071200020610    2563.420     383.629     310.573     371.914       1.660     394.977      46.795    1695.852       0.000    1053.427     642.425     373.893     163.798     257.041     610.759     386.305      77.853       0.000       0.000       2.936    1772.304      21.402       0.000       0.000       0.000       0.000     172.193       6.057       0.084       1.204       0.014       0.000
    365    12    31  2001     38       0  sub_071200020701     964.151     191.112     189.095     121.073       0.091     121.164       0.000     832.914       0.000     415.101     417.813     121.086      79.083      90.133     100.193      71.148      28.822       0.000       0.000       2.647     928.885       0.000       0.000       0.000       0.000       0.000       0.000       2.495       0.000       0.000       0.002       0.000
    365    12    31  2001     39       0  sub_071200020702     864.618     159.087     157.867     110.196       0.243     110.439       0.289     741.953       0.000     335.428     406.525     110.712      79.130      86.849      98.270      58.984      19.890       0.000       0.000       0.742     920.623       0.000       0.000       0.000       0.000       0.000       0.000       1.365       0.000       0.000       0.003       0.000
    365    12    31  2001     40       0  sub_071200020703     992.244     239.716     237.756     153.710       0.300     154.010       1.306     718.339       0.000     340.578     377.761     154.630      81.448     107.790     225.457      80.792      24.723       0.000       0.000       1.931     917.973       0.000       0.000       0.000       0.000       0.000       0.000       0.160       0.000       0.000       0.000       0.000
    365    12    31  2001     41       0  sub_071200020704     771.540     159.048     158.133      79.862       0.021      79.883       0.000     701.216       0.000     327.207     374.008      80.242      79.491     100.830      90.891      57.253      21.955       0.000       0.000       1.146     937.516       0.000       0.000       0.000       0.000       0.000       0.000       0.029       0.000       0.000       0.000       0.000
    365    12    31  2001     42       0  sub_071200020705    1318.040     205.981     205.341      70.006       0.124      70.130       0.000    1289.266       0.000     733.559     555.707      70.269     128.685     187.535     146.633      91.392      29.182       0.000       0.000       0.760    1870.575       0.000       0.000       0.000       0.000       0.000       1.219       0.248       0.001       0.065       0.000       0.000
    365    12    31  2001     43       0  sub_071200020706    1866.332     196.283     194.801      85.450       0.390      85.840       6.304    1660.159       0.000    1018.439     641.720      85.450     146.427     192.644     307.393     158.693      55.896       0.000       0.000       0.614    1816.865       0.000       0.000       0.000       0.000       0.000       0.705       0.022       0.006       0.314       0.000       0.000
    365    12    31  2001     44       0  sub_071200020707    1883.385     285.748     285.206     193.603       4.801     209.503      96.106    1640.926       0.000    1035.588     605.339     193.648     140.834     209.240     146.758     212.067      50.985       0.000       0.000       2.158    1850.557      11.099       0.000       0.000       0.001       0.000      48.137       8.805       0.196       3.593       0.073       0.002
    365    12    31  2001     45       0  sub_071200020708    1129.462     255.942     254.933      53.043       1.877      54.919      17.024    1115.071       0.000     596.642     518.429      54.273     135.020     211.706     153.645     145.982      42.621       0.000       0.000       1.711    1895.604       0.000       0.000       0.000       0.000       0.000       3.947       0.067       0.008       1.519       0.000       0.000
    365    12    31  2001     46       0  sub_071200020709     894.926      60.791      60.791      87.096       0.232      87.328       0.778     754.714       0.000     352.406     402.307      87.096      78.281      82.296     134.400      76.868      21.795       0.000       0.000       0.138     931.006       0.000       0.000       0.000       0.000       0.000       0.000       0.000       0.000       0.000       0.000       0.000
    365    12    31  2001     47       0  sub_071200020710    1672.547     271.881     270.726     134.388       0.865     135.253       3.764    1540.244       0.000     920.648     619.596     134.735     148.405     193.224     186.883     171.030      50.734       0.000       0.000       1.963    1850.513       0.000       0.000       0.000       0.000       0.000      44.531       0.291       0.014       0.041       0.003       0.000
    365    12    31  2001     48       0  sub_071200020711    1964.128     346.270     328.274     100.977       0.420     101.398       1.059    1722.210       0.000    1105.926     616.284     100.982     125.086     244.755     368.429     253.522      61.474       0.000       0.000       3.845    1892.028       0.000       0.000       0.000       0.000       0.000       0.348       1.520       0.094       0.018       0.006       0.000
    365    12    31  2001     49       0  sub_071200020801    1955.886     290.055     275.057     283.324       0.068     283.392       0.287    1672.489       0.000    1054.733     617.756     283.451     163.719     275.815     262.743     252.051      69.287       0.000       0.000       5.534    1884.667       0.000       0.000       0.000       0.000       0.000     113.155       3.935       0.006       0.001       0.002       0.000
    365    12    31  2001     50       0  sub_071200020802     844.227     166.774     166.372     118.943       0.035     118.977       0.000     743.030       0.000     311.355     431.675     118.942      84.171     111.361      93.581      71.618      22.807       0.000       0.000       0.849     955.383       0.000       0.000       0.000       0.000       0.000       0.000       1.565       0.000       0.000       0.000       0.000
    365    12    31  2001     51       0  sub_071200020803    1643.353     449.891     359.645     230.952       1.544     232.496       0.000    1390.889       0.000     813.789     577.100     231.423     151.564     221.832     155.504     156.493      41.090       0.000       0.000       9.413    1933.180       0.000       0.000       0.000       0.000       0.000      64.445      11.096       0.004       1.502       0.003       0.000
    365    12    31  2001     52       0  sub_071200020804    1577.730     190.637     190.637      63.549       0.089      63.639       0.041    1663.961       0.000     998.022     665.939      63.616     142.913     231.654      82.398     149.280      37.157       0.000       0.000       0.818    1920.798       0.000       0.000       0.000       0.000       0.000       1.867       1.534       0.005       0.052       0.001       0.000
    365    12    31  2001     53       0  sub_071200020805    1359.732     243.021     215.823      44.268       0.023      44.290       0.000    1408.888       0.000     854.218     554.669      44.626     123.676     247.607     127.827     113.799      25.486       0.000       0.000       1.167    1868.073       0.000       0.000       0.000       0.000       0.000       0.284       2.515       0.032       0.000       0.001       0.000
    365    12    31  2001     54       0  sub_071200020806    2048.554     335.072     331.018     182.435       2.712     185.147       1.066    1678.583       0.000    1023.157     655.426     185.363     149.045     221.938     403.479     199.036      51.594       0.000       0.000       1.920    1836.183       0.000       0.000       0.000       0.000       0.000      70.725       0.604       0.004       2.342       0.002       0.000
    365    12    31  2001     55       0  sub_071200020807    2054.866     776.362     542.956     130.748       0.279     131.027       2.420    1466.154       0.000     887.977     578.177     138.260     135.539     185.172     404.275     143.952      42.774       0.000       0.000      11.073    1917.042       0.000       0.000       0.000       0.000       0.000      14.607       3.762       0.003       0.021       0.008       0.000
    365    12    31  2001     56       0  sub_071200020808    2055.438     392.225     391.270     239.366       1.697     241.102       6.560    1675.882       0.000    1055.671     620.211     239.381     150.491     245.398     377.985     249.895      56.671       0.000       0.000       2.014    1879.889       0.039       0.000       0.000       0.001       0.000      67.448       3.956       0.192       0.211       0.034       0.002
    365    12    31  2001     57       0  sub_071200020901     791.590     143.245     142.736      84.312       0.017      84.329       0.000     754.346       0.000     351.747     402.598      84.584      81.679     109.357      62.000      61.667      21.138       0.000       0.000       0.718     947.509       0.000       0.000       0.000       0.000       0.000       0.000       4.831       0.000       0.000       0.001       0.000
    365    12    31  2001     58       0  sub_071200020902    2124.790     402.816     399.886     385.774       0.616     386.390       0.154    1734.477       0.000    1050.005     684.472     385.774     151.731     234.183     238.674     203.011      61.865       0.000       0.000       3.237    1876.295       0.000       0.000       0.000       0.000       0.000     162.507       3.100       0.006       0.559       0.001       0.000
    365    12    31  2001     59       0  sub_071200021001    1773.896     610.698     529.920     104.559       1.704     106.262       6.729    1556.312       0.000    1012.076     544.236     104.841     123.567     241.958     270.162     212.895      50.189       0.000       0.000       4.075    1848.902       0.000       0.000       0.000       0.001       0.000       0.567       7.369       0.044       0.094       0.114       0.001
    365    12    31  2001     60       0  sub_071200021002    1979.971     530.200     462.268     106.467       3.226     109.693      29.460    1635.850       0.000    1054.222     581.629     108.517     138.466     176.875     317.674     178.774      42.772       0.000       0.000       6.490    1815.244       0.000       0.000       0.000       0.001       0.000      29.911      15.133       0.025       1.127       0.404       0.001
    365    12    31  2001     61       0  sub_071200021101    1786.155     208.887     193.261      61.559       4.967      66.525      54.922    1707.016       0.000    1066.867     640.149      61.575     113.302     139.175      82.390     138.695      27.444       0.000       0.000       0.963    1834.070       0.000       0.000       0.000       0.001       0.000       0.332       0.082       0.001       3.427       0.002       0.000
    365    12    31  2001     62       0  sub_071200021102    1562.564     425.700     352.861      69.263       2.786      72.049     142.425    1231.263       0.000     748.206     483.057      69.267     114.392     115.983     166.340     102.461      27.800       0.000       0.000       3.937    1883.165       0.000       0.000       0.000       0.001       0.000       2.303       0.620       0.010       1.616       0.011       0.000
    365    12    31  2001     63       0  sub_071200021201     869.933      86.015      85.721      46.252       0.645      46.897       3.181     778.780       0.000     361.495     417.285      46.252      78.828     101.514     142.582      89.860      23.831       0.000       0.000       0.319     920.543       0.000       0.000       0.000       0.000       0.000       0.000       0.000       0.000       0.000       0.000       0.000
    365    12    31  2001     64       0  sub_071200021202    1807.030     279.473     278.097      98.111      48.573     146.746      45.334    1609.853       0.000     989.067     620.785      98.836     113.102     157.908     162.997     157.748      35.614       0.000       0.000       2.074    1863.850       0.062       0.000       0.000       0.000       0.000       0.625       0.677       0.022      48.088       0.003       0.000
    365    12    31  2001     65       0  sub_071200021301    1624.966     178.499     177.954      50.494       6.426      56.920      61.167    1346.084       0.000     837.091     508.993      50.542      97.774     103.003     264.378     110.150      32.401       0.000       0.000       0.952    1870.902       0.000       0.000       0.000       0.002       0.000       1.475       0.705       0.002       2.042       0.063       0.000
    365    12    31  2001     66       0  sub_071200021302    1395.875     267.676     244.857     152.224       1.468     153.692      20.914    1191.773       0.000     697.016     494.757     152.245     144.227     135.017     144.708     100.839      21.678       0.000       0.000       3.942    1898.643       0.000       0.000       0.000       0.001       0.000      44.671       3.414       0.006       0.153       0.042       0.000
    365    12    31  2001     67       0  sub_071200021303    2007.935     419.155     415.746     160.077       4.786     164.863      82.538    1551.444       0.000     938.532     612.912     160.114     139.627     110.414     320.141     137.094      28.691       0.000       0.000       5.372    1866.153       0.000       0.000       0.000       0.002       0.000      55.853       5.181       0.023       0.672       0.204       0.001
    365    12    31  2001     68       0  sub_071200021304    1513.844     394.206     325.453      10.635       2.004      12.640      59.827    1282.515       0.000     881.448     401.067      10.743      80.810      64.655     156.327      62.201      18.322       0.000       0.000       2.089    1853.478       0.000       0.000       0.000       0.155       0.000       0.293       0.000       1.459       0.709       0.000       0.181
    365    12    31  2001     69       0  sub_071200021305     661.515     167.322     166.387     101.469       0.885     102.354       3.287     574.169       0.000     257.127     317.042     101.469      79.759      88.536      70.241      64.469      20.236       0.000       0.000       1.290     942.690       0.000       0.000       0.000       0.000       0.000       0.000       0.197       0.000       0.000       0.002       0.000
    365    12    31  2001     70       0  sub_071200021306    1879.199     667.422     464.027      47.924       6.041      53.966     156.801    1220.959       0.000     822.085     398.874      51.311      93.248      64.592     308.899      78.933      24.487       0.000       0.000       9.445    1685.704       0.000       0.000       0.000       0.001       0.000       4.715       3.740       0.012       4.021       0.162       0.001
    365    12    31  2001     71       0  sub_071200021307    1963.013     461.226     460.691     110.551      40.127     154.365     168.072    1464.594       0.000     916.470     548.124     110.551     117.421     120.786     296.920     171.648      29.317       0.000       0.000       2.427    1866.145       3.687       0.000       0.000       0.004       0.000       1.422       8.415       0.002      31.666       0.652       0.000
    365    12    31  2001     72       0  sub_071200021308    1578.998     297.725     272.675      86.191       3.245      89.436      14.771    1505.643       0.000     973.129     532.514      86.207     121.682     216.329     162.278     192.602      43.345       0.000       0.000       6.289    1879.056       0.000       0.000       0.000       0.001       0.000       1.305       6.058       0.085       0.059       0.227       0.003
    365    12    31  2001     73       0  sub_071200021401    1967.486     610.610     509.290     134.238       1.146     136.296      23.288    1433.285       0.000     854.111     579.174     155.216     143.926     188.779     443.248     153.418      40.962       0.000       0.000      10.409    1850.719       0.912       0.000       0.000       0.000       0.000      65.745       0.323       0.002       0.087       0.004       0.000
    365    12    31  2001     74       0  sub_071200021402    1434.297     258.147     256.371      26.747       0.868      27.615       0.001    1500.208       0.000     881.109     619.099      26.811     131.010     192.817      99.946     106.916      28.619       0.000       0.000       1.199    1869.070       0.000       0.000       0.000       0.000       0.000       0.297       7.572       0.010       0.642       0.065       0.000
    365    12    31  2002      1       0  sub_071200020101    1807.846     439.162     437.118      72.038      46.608     126.988     340.551    1447.006       0.000     982.323     464.684      69.180     119.363     453.127     349.605     211.002      48.845       0.000       0.000       5.637    1829.365       8.342       0.000       0.029       0.008       0.000       8.826      10.980       0.152      29.029       3.198       0.044
    365    12    31  2002      2       0  sub_071200020102    1803.750     591.452     773.393     180.558      52.798     252.116     351.173    1424.159       0.000     865.503     558.656     174.519     125.691     401.577     376.916     227.448      51.107       0.000       0.000      25.386    1844.852      18.760       0.000       0.000       0.006       0.000      36.104       1.084       0.034      39.392       0.105       0.003
    365    12    31  2002      3       0  sub_071200020103    1463.032     608.124     548.222     176.920       6.226     183.282      78.153    1138.105       0.000     662.333     475.772     177.753     139.199     268.523     277.814     214.935      53.370       0.000       0.000       5.263    1816.678       0.136       0.000       0.000       0.002       0.000      44.826       2.809       0.015       1.377       0.102       0.001
    365    12    31  2002      4       0  sub_071200020201     962.496     314.557     311.967     130.033       9.195     143.090      44.050     758.964       0.000     423.755     335.209     130.037      71.026     126.504     142.880     111.407      30.953       0.000       0.000       4.084     919.943       3.861       0.000       0.000       0.000       0.000       0.000       0.042       0.000       0.000       0.003       0.000
    365    12    31  2002      5       0  sub_071200020202    1933.873     402.710     397.359      74.572      12.434      87.125     264.397    1564.975       0.000     976.259     588.715      74.503     120.407     218.261     235.649     179.004      42.099       0.000       0.000       3.195    1738.955       0.120       0.000       0.000       0.004       0.000       0.225       0.075       0.004       3.114       0.009       0.000
    365    12    31  2002      6       0  sub_071200020203    1129.677     217.783     203.226     193.185      10.627     257.140      57.723     855.523       0.000     456.387     399.135     193.184      82.379     202.084     148.417     165.890      25.301       0.000       0.000       3.467     898.273      53.328       0.000       0.000       0.000       0.000       0.000       5.950       0.000       0.000       0.327       0.000
    365    12    31  2002      7       0  sub_071200020204     791.122     166.200     166.364      83.365       0.282      85.623       1.258     748.024       0.000     349.611     398.414      84.031      79.030     120.037      76.132      87.209      28.026       0.000       0.000       2.297     900.938       1.976       0.000       0.000       0.000       0.000       0.000       3.568       0.000       0.000       0.012       0.000
    365    12    31  2002      8       0  sub_071200020205    1874.836     349.447     385.063     153.956       3.377     157.333      60.119    1567.582       0.000     981.576     586.006     154.666     148.244     271.210     401.103     283.665      71.348       0.000       0.000       6.168    1852.994       0.000       0.000       0.000       0.001       0.000      31.571       3.323       0.002       1.300       0.056       0.000
    365    12    31  2002      9       0  sub_071200020206    2106.697     204.363     204.337     133.044      13.473     159.808     414.217    1470.603       0.000     877.012     593.591     133.064     120.288     236.244     298.306     189.431      30.002       0.000       0.000       0.988    1826.577      13.290       0.000       0.000       0.004       0.000       1.141       5.316       0.015       4.186       0.374       0.001
    365    12    31  2002     10       0  sub_071200020301    2191.725     354.432     334.304     194.742       9.980     219.070     128.357    1526.946       0.000     988.193     538.753     194.725     124.075     728.865    1028.839     857.034     137.951       0.000       0.000       5.248    1773.281      14.347       0.000       0.000       0.004       0.000       3.652       4.023       0.005       0.964       0.190       0.000
    365    12    31  2002     11       0  sub_071200020302    1794.464     551.321     557.626     212.568       6.989     220.137     170.510    1476.764       0.000     913.172     563.592     199.557     149.582     471.613     423.999     260.197      61.623       0.000       0.000       7.572    1835.417       0.580       0.000       0.000       0.002       0.000      69.879       0.167       0.007       2.253       0.006       0.000
    365    12    31  2002     12       0  sub_071200020303    1989.913     609.410     620.927     183.575      21.345     222.967     428.242    1339.922       0.000     773.623     566.300     183.584     120.121     211.319     227.171     171.715      41.959       0.000       0.000      14.939    1772.148      18.047       0.000       0.000       0.004       0.000       3.711      26.532       0.021      12.178       1.352       0.001
    365    12    31  2002     13       0  sub_071200020304    1928.814     389.520     418.146     297.780       1.284     299.171      11.416    1604.783       0.000     988.298     616.484     299.647     159.924     343.499     387.684     274.877      73.175       0.000       0.000       5.365    1819.064       0.107       0.000       0.000       0.000       0.000     131.789       9.303       0.009       0.343       0.052       0.000
    365    12    31  2002     14       0  sub_071200020305    2117.413     393.937     301.708     255.352       1.126     260.085      52.730    1550.106       0.000     929.763     620.343     256.704     160.962     269.856     433.082     273.848      59.212       0.000       0.000       3.526    1796.560       3.607       0.000       0.000       0.000       0.000     101.586       4.842       0.027       0.432       0.022       0.000
    365    12    31  2002     15       0  sub_071200020401    1854.858     567.339     566.855     220.751       7.024     227.957     134.544    1369.434       0.000     861.334     508.101     222.097     141.483     174.098     299.598     186.326      55.343       0.000       0.000       8.596    1837.383       0.182       0.000       0.000       0.003       0.000      82.169       3.132       0.006       1.656       0.120       0.000
    365    12    31  2002     16       0  sub_071200020402    1873.685     280.916     279.781     230.097       0.260     230.357       2.513    1455.141       0.000     966.116     489.025     229.575     157.555     204.561     390.757     181.777      62.050       0.000       0.000       1.719    1869.413       0.000       0.000       0.000       0.000       0.000      97.704       6.790       0.047       0.000       0.013       0.000
    365    12    31  2002     17       0  sub_071200020403     793.863     163.669     149.129      70.765       0.188      70.953       3.523     730.264       0.000     318.428     411.836      70.281      77.914      86.027      62.328      55.458      27.701       0.000       0.000       1.669     911.035       0.000       0.000       0.000       0.000       0.000       0.000       0.525       0.000       0.000       0.001       0.000
    365    12    31  2002     18       0  sub_071200020404     932.523     175.699     172.828     201.263       1.599     257.501      46.792     797.304       0.000     395.870     401.434     201.194      80.669     230.727      61.747     123.840      26.135       0.000       0.000       2.226     948.080      54.640       0.000       0.000       0.000       0.000       0.000       0.129       0.000       0.000       0.001       0.000
    365    12    31  2002     19       0  sub_071200020405    1856.199     366.103     363.594     278.371       9.054     326.692     168.794    1542.030       0.000     950.754     591.276     278.399     158.194     407.458     226.122     235.210      56.659       0.000       0.000       2.724    1865.698      39.267       0.000       0.000       0.001       0.000     127.565      10.721       0.033       6.310       0.195       0.001
    365    12    31  2002     20       0  sub_071200020501    1309.989     388.747     337.519     118.591       6.191     125.345     212.834    1056.551       0.000     499.431     557.120     118.512     119.853     237.867     105.863     112.638      33.957       0.000       0.000       3.580    1876.140       0.563       0.000       0.000       0.001       0.000       0.001       0.368       0.010       4.989       0.004       0.000
    365    12    31  2002     21       0  sub_071200020502    1615.700     472.986     462.687     189.198       3.893     193.091       4.149    1340.101       0.000     720.433     619.668     189.160     151.813     157.415     230.189     138.929      51.732       0.000       0.000       3.324    1863.711       0.000       0.000       0.000       0.000       0.000      97.928       0.280       0.011       3.609       0.001       0.000
    365    12    31  2002     22       0  sub_071200020503    1797.082     460.589     454.363     421.800       4.797     485.241      74.216    1408.370       0.000     824.316     584.054     417.204     149.709     212.558      46.411     189.692      52.975       0.000       0.000       8.272    1888.799      58.644       0.000       0.000       0.002       0.000     272.655      21.084       0.032       0.716       0.595       0.001
    365    12    31  2002     23       0  sub_071200020504     781.299     105.952     101.575      49.323       0.028      49.352       0.008     755.049       0.000     302.288     452.761      46.013      79.287      97.581      73.684      48.716      31.070       0.000       0.000       0.488     947.140       0.000       0.000       0.000       0.000       0.000       0.000       0.886       0.000       0.000       0.001       0.000
    365    12    31  2002     24       0  sub_071200020505    1146.830     199.470     194.063     193.877       0.665     209.874       8.004     864.993       0.000     415.825     449.168     193.889      83.822      96.617     157.930     121.457      33.379       0.000       0.000       2.351     899.960      15.333       0.000       0.000       0.000       0.000       0.000       2.613       0.000       0.000       0.009       0.000
    365    12    31  2002     25       0  sub_071200020506     710.136      77.809      77.809      47.000       0.480      48.392       2.366     766.755       0.000     351.731     415.024      46.705      81.102     174.174      67.107      86.463      27.816       0.000       0.000       0.253     915.623       0.912       0.000       0.000       0.000       0.000       0.000       0.273       0.000       0.000       0.003       0.000
    365    12    31  2002     26       0  sub_071200020507    1776.532     216.822     215.244     126.897       4.446     131.344       3.639    1633.829       0.000    1002.973     630.856     126.994     143.000     241.192     248.825     204.473      53.755       0.000       0.000       0.793    1888.092       0.000       0.000       0.000       0.000       0.000      27.964       4.736       0.032       3.863       0.028       0.000
    365    12    31  2002     27       0  sub_071200020508    2346.525     659.607     501.630     341.627      64.182     407.242     221.250    1539.181       0.000     990.806     548.375     342.533     161.084     283.016     309.650     286.014      63.100       0.000       0.000      16.156    1759.358       1.432       0.000       0.000       0.002       0.000     134.269      16.316       0.051      60.767       0.268       0.001
    365    12    31  2002     28       0  sub_071200020601    1118.524     382.970     348.497     209.307       0.066     209.405       0.017     775.377       0.000     345.479     429.898     209.755      82.357      76.056     179.079      85.829      36.948       0.000       0.000       4.932     938.107       0.032       0.000       0.000       0.000       0.000       0.000       0.348       0.000       0.000       0.000       0.000
    365    12    31  2002     29       0  sub_071200020602    1168.094     439.651     399.723     305.555       0.050     306.031       0.208     795.844       0.000     401.395     394.449     305.880      85.949      76.538     108.338      88.649      37.541       0.000       0.000       4.284     914.195       0.426       0.000       0.000       0.000       0.000       0.000       3.137       0.000       0.000       0.001       0.000
    365    12    31  2002     30       0  sub_071200020603     979.834     295.610     284.929     246.177       0.057     246.360       0.077     714.331       0.000     322.912     391.419     246.690      87.550      84.804      96.499      93.133      33.949       0.000       0.000       6.358     885.577       0.127       0.000       0.000       0.000       0.000       0.000       2.558       0.000       0.000       0.001       0.000
    365    12    31  2002     31       0  sub_071200020604    1738.633     296.422     293.504     194.210       3.333     222.452      62.692    1687.572       0.000    1042.730     644.842     194.220     159.015     562.459     329.679     368.316      64.932       0.000       0.000       2.643    1869.290      24.909       0.000       0.000       0.000       0.000      89.495       2.938       0.014       3.105       0.006       0.000
    365    12    31  2002     32       0  sub_071200020605    1107.721     195.371     193.442     304.504       0.159     310.408       1.650     853.785       0.000     422.875     430.910     304.452      83.277     122.369      64.299     115.648      35.313       0.000       0.000       2.432     926.042       5.745       0.000       0.000       0.000       0.000       0.000       0.079       0.000       0.000       0.000       0.000
    365    12    31  2002     33       0  sub_071200020606     902.816     133.243     130.816      97.427       0.036      97.464       0.000     754.689       0.000     326.534     428.155      95.839      80.752      58.173     109.046      49.575      32.796       0.000       0.000       0.534     928.685       0.000       0.000       0.000       0.000       0.000       0.000       0.055       0.000       0.000       0.000       0.000
    365    12    31  2002     34       0  sub_071200020607    2619.365     367.330     356.457     625.983       5.373     643.933     245.219    1597.780       0.000     995.489     602.292     626.213     172.702     352.013     478.788     405.487      87.935       0.000       0.000       5.056    1764.502      12.577       0.000       0.000       0.000       0.000     277.771       1.642       0.019       4.640       0.003       0.000
    365    12    31  2002     35       0  sub_071200020608    1367.863     261.538     258.684     118.600       0.989     119.675      61.251    1476.598       0.000     882.963     593.635     118.243     157.769     393.747     104.446     218.412      67.258       0.000       0.000       1.322    1794.592       0.085       0.000       0.000       0.000       0.000      61.723       0.071       0.005       0.769       0.000       0.000
    365    12    31  2002     36       0  sub_071200020609    1494.931     195.715     184.944     104.426       0.221     104.647       0.056    1426.922       0.000     816.624     610.298     105.242     153.486     254.159     206.656     161.197      67.725       0.000       0.000       1.383    1842.462       0.000       0.000       0.000       0.000       0.000      20.546       0.013       0.007       0.175       0.000       0.000
    365    12    31  2002     37       0  sub_071200020610    1726.523     227.773     291.903     292.561       3.179     327.706     112.925    1539.354       0.000     996.643     542.711     290.583     164.796     610.759     426.548     388.684      75.983       0.000       0.000       5.795    1870.270      31.965       0.000       0.000       0.000       0.000     134.357       4.691       0.065       2.450       0.022       0.000
    365    12    31  2002     38       0  sub_071200020701     839.015     329.228     246.771     133.898       0.083     133.981       0.009     606.687       0.000     220.322     386.365     133.903      77.778     100.193     119.102      57.521      28.517       0.000       0.000       2.578     943.379       0.000       0.000       0.000       0.000       0.000       0.000       2.760       0.000       0.000       0.002       0.000
    365    12    31  2002     39       0  sub_071200020702     601.077      88.400      87.421      48.882       0.107      48.989       0.007     562.734       0.000     162.249     400.485      48.366      78.205      98.270      88.135      49.644      26.936       0.000       0.000       0.660     946.604       0.000       0.000       0.000       0.000       0.000       0.000       0.596       0.000       0.000       0.001       0.000
    365    12    31  2002     40       0  sub_071200020703     924.169     186.870     185.828     157.700       0.340     158.253       8.264     814.779       0.000     400.067     414.712     156.914      85.044     225.457     169.118     126.733      32.664       0.000       0.000       2.876     929.983       0.212       0.000       0.000       0.000       0.000       0.000       0.162       0.000       0.000       0.000       0.000
    365    12    31  2002     41       0  sub_071200020704    1188.106     189.958     187.791     197.568       2.293     212.014       8.868     851.053       0.000     433.221     417.832     197.188      83.960      90.891     207.361     120.115      39.244       0.000       0.000       1.162     898.074      12.153       0.000       0.000       0.000       0.000       0.000       0.070       0.000       0.000       0.001       0.000
    365    12    31  2002     42       0  sub_071200020705    2308.868     347.609     343.265     269.479       3.166     272.900      77.838    1564.610       0.000     976.395     588.216     269.638     154.135     146.633     537.789     250.360      74.928       0.000       0.000       1.763    1796.440       0.255       0.000       0.000       0.000       0.000      90.848       0.643       0.003       2.713       0.002       0.000
    365    12    31  2002     43       0  sub_071200020706    1973.294     313.813     309.679     262.272       5.145     267.831     228.877    1586.617       0.000     980.234     606.384     262.322     154.738     307.393     197.294     204.069      67.331       0.000       0.000       2.725    1859.945       0.415       0.000       0.000       0.000       0.000      43.451       0.057       0.015       4.979       0.000       0.000
    365    12    31  2002     44       0  sub_071200020707    1433.513     213.780     212.033      96.608       0.204      96.812       0.052    1145.197       0.000     668.644     476.553      96.581     129.850     146.758     338.245     110.227      53.021       0.000       0.000       1.520    1912.316       0.000       0.000       0.000       0.000       0.000      13.135       5.049       0.112       0.162       0.003       0.000
    365    12    31  2002     45       0  sub_071200020708    2282.906     618.766     611.204     252.106       7.264     259.803      74.245    1598.129       0.000     954.375     643.754     252.834     153.093     153.645     502.857     251.630      76.459       0.000       0.000      14.848    1807.484       0.434       0.000       0.000       0.000       0.000      56.218       0.261       0.031       6.635       0.001       0.000
    365    12    31  2002     46       0  sub_071200020709     893.637     111.006     109.634     133.766       0.993     134.782       3.763     807.981       0.000     390.581     417.400     133.766      78.764     134.400      81.513      81.150      22.016       0.000       0.000       0.792     941.298       0.023       0.000       0.000       0.000       0.000       0.000       0.000       0.000       0.000       0.000       0.000
    365    12    31  2002     47       0  sub_071200020710    1390.217     256.873     255.433      81.340       0.085      81.425       0.000    1262.886       0.000     644.527     618.359      81.006     142.956     186.883     233.121     110.286      56.144       0.000       0.000       2.261    1914.181       0.000       0.000       0.000       0.000       0.000      18.507       0.201       0.010       0.036       0.000       0.000
    365    12    31  2002     48       0  sub_071200020711    1288.444     178.624     193.786      37.602      14.281      51.912      85.058    1340.625       0.000     856.175     484.450      37.596     135.978     368.429     195.787     281.059      66.370       0.000       0.000       1.257    1828.890       0.030       0.000       0.000       0.001       0.000       9.281       0.428       0.027      12.753       0.023       0.001
    365    12    31  2002     49       0  sub_071200020801    1793.897     455.957     430.047     212.961       0.029     212.990       0.002    1469.395       0.000     942.354     527.041     236.812     164.880     262.743     328.781     247.319      86.897       0.000       0.000       5.052    1847.769       0.000       0.000       0.000       0.000       0.000      91.742       3.352       0.005       0.002       0.001       0.000
    365    12    31  2002     50       0  sub_071200020802     927.086     318.011     296.093     224.931       0.055     224.986       0.003     707.037       0.000     284.979     422.058     224.953      85.034      93.581      71.141      79.183      29.516       0.000       0.000       6.426     916.429       0.000       0.000       0.000       0.000       0.000       0.000       2.960       0.000       0.000       0.001       0.000
    365    12    31  2002     51       0  sub_071200020803    2154.101     408.262     436.198     331.687       2.854     334.641      33.235    1712.605       0.000    1017.817     694.789     334.161     158.126     155.504     260.246     247.662      76.670       0.000       0.000       4.279    1898.885       0.099       0.000       0.000       0.000       0.000     109.122      14.955       0.006       2.737       0.008       0.000
    365    12    31  2002     52       0  sub_071200020804    1264.385     234.079     233.554      64.720       0.093      64.813       0.002    1057.933       0.000     540.947     516.986      64.653     142.928      82.398     224.103      77.908      49.414       0.000       0.000       1.042    1953.108       0.000       0.000       0.000       0.000       0.000       5.648       1.466       0.005       0.072       0.001       0.000
    365    12    31  2002     53       0  sub_071200020805    1717.580     303.638     328.302     139.350       0.548     139.898       0.641    1251.552       0.000     756.642     494.909     138.995     128.154     127.827     480.356     183.941      74.801       0.000       0.000       3.957    1894.190       0.000       0.000       0.000       0.000       0.000       0.036       7.882       0.100       0.443       0.006       0.000
    365    12    31  2002     54       0  sub_071200020806    2134.477     451.890     447.959     326.811      16.656     360.870      71.387    1581.376       0.000     974.177     607.199     329.166     167.283     403.479     519.944     375.703      78.672       0.000       0.000       1.957    1778.268      17.403       0.000       0.000       0.001       0.000     208.271       0.637       0.004      13.676       0.016       0.000
    365    12    31  2002     55       0  sub_071200020807    1676.824     506.263     727.585     311.370       5.268     339.795     183.974    1442.756       0.000     870.400     572.355     304.448     146.835     404.275     350.861     247.542      54.959       0.000       0.000      27.094    1939.639      23.158       0.000       0.000       0.001       0.000      93.468       6.419       0.006       2.551       0.083       0.000
    365    12    31  2002     56       0  sub_071200020808    1852.453     490.136     482.117     318.104       2.773     326.981      49.666    1461.503       0.000     924.724     536.779     327.585     158.794     377.985     382.817     301.865      73.418       0.000       0.000       7.249    1893.398       6.104       0.000       0.000       0.001       0.000     145.576       4.188       0.203       1.185       0.037       0.002
    365    12    31  2002     57       0  sub_071200020901    1177.397     141.709     140.189     145.575       0.213     146.988       0.800     873.877       0.000     410.749     463.128     145.315      83.011      62.000     217.960      88.735      36.862       0.000       0.000       0.845     904.183       1.200       0.000       0.000       0.000       0.000       0.000       8.299       0.000       0.000       0.012       0.000
    365    12    31  2002     58       0  sub_071200020902    1692.211     264.089     258.283      78.846       1.791      80.638       0.271    1435.632       0.000     859.272     576.359      78.970     154.493     238.674     409.376     213.294      67.856       0.000       0.000       1.207    1841.665       0.000       0.000       0.000       0.000       0.000      29.955       0.681       0.001       1.698       0.001       0.000
    365    12    31  2002     59       0  sub_071200021001    2114.893     479.514     514.374     173.213      23.574     205.226     149.954    1494.261       0.000    1024.843     469.418     173.159     142.264     270.162     574.231     361.085      77.863       0.000       0.000       3.911    1860.633       8.439       0.000       0.000       0.003       0.000      37.557       9.583       0.057      17.385       0.437       0.003
    365    12    31  2002     60       0  sub_071200021002    1433.351     475.656     515.395     153.876       8.135     168.892     137.212    1347.152       0.000     758.665     588.487     151.890     136.616     317.674     148.531     194.893      50.930       0.000       0.000       5.075    1880.876       6.882       0.000       0.000       0.003       0.000      58.428      17.993       0.030       1.292       1.317       0.002
    365    12    31  2002     61       0  sub_071200021101    2223.671     759.695     733.206     188.591      11.177     201.033     273.316    1492.735       0.000     888.862     603.873     188.675     125.347      82.390     324.061     180.795      51.857       0.000       0.000      19.711    1835.568       1.265       0.000       0.000       0.003       0.000       1.674       0.251       0.004       5.610       0.007       0.000
    365    12    31  2002     62       0  sub_071200021102    2203.129     400.276     462.536     231.697       9.301     248.499     525.582    1454.006       0.000     821.942     632.064     231.694     129.425     166.340     210.802     168.893      50.107       0.000       0.000       7.946    1850.616       7.502       0.000       0.000       0.003       0.000       1.714       2.129       0.035       3.690       0.052       0.001
    365    12    31  2002     63       0  sub_071200021201     815.940      97.979      97.278      86.329       1.040      88.481       6.625     787.237       0.000     351.857     435.380      86.334      79.044     142.582      76.182      87.088      25.366       0.000       0.000       0.541     942.749       1.112       0.000       0.000       0.000       0.000       0.000       0.000       0.000       0.000       0.000       0.000
    365    12    31  2002     64       0  sub_071200021202    1623.512     407.657     403.751      85.940      43.649     129.597      39.019    1288.191       0.000     685.253     602.938      85.383     112.222     162.997     330.053     120.711      42.737       0.000       0.000       3.205    1929.300       0.008       0.000       0.000       0.000       0.000       1.642       0.577       0.018      43.468       0.001       0.000
    365    12    31  2002     65       0  sub_071200021301    1933.005     484.459     465.556     145.831      30.430     204.101     328.710    1388.585       0.000     885.916     502.669     145.793     124.997     264.378     261.563     233.530      57.395       0.000       0.000       6.518    1787.924      27.840       0.000       0.000       0.006       0.000      19.394       1.815       0.006      17.530       0.185       0.001
    365    12    31  2002     66       0  sub_071200021302    1819.378     350.569     369.803     144.800       2.164     146.964      31.309    1560.014       0.000     906.304     653.709     150.053     153.536     144.708     241.051     147.710      37.400       0.000       0.000       1.967    1846.996       0.000       0.000       0.000       0.001       0.000      35.346       3.641       0.006       0.283       0.060       0.000
    365    12    31  2002     67       0  sub_071200021303    1801.654     297.653     294.677     160.839       9.382     179.857     252.320    1451.657       0.000     901.542     550.115     160.809     143.656     320.141     238.025     178.058      47.193       0.000       0.000       2.049    1774.240       9.635       0.000       0.000       0.004       0.000      65.608       4.731       0.021       1.481       0.393       0.002
    365    12    31  2002     68       0  sub_071200021304    1517.410     225.405     291.467      36.512       5.326      41.838     289.638    1199.468       0.000     805.573     393.894      36.787      96.773     156.327     210.866     104.373      34.870       0.000       0.000       3.723    1899.775       0.000       0.000       0.000       0.484       0.000       0.007       0.000       5.136       1.294       0.000       0.563
    365    12    31  2002     69       0  sub_071200021305     712.979     134.796     133.821      41.457       0.591      42.048       1.506     626.660       0.000     260.215     366.445      41.474      78.874      70.241     112.984      52.628      24.174       0.000       0.000       0.608     920.622       0.000       0.000       0.000       0.000       0.000       0.000       0.081       0.000       0.000       0.001       0.000
    365    12    31  2002     70       0  sub_071200021306    1628.012     480.707     673.218      62.352      26.377     100.938     470.913    1292.834       0.000     842.756     450.078      58.981     106.109     308.899     275.998     166.559      45.443       0.000       0.000      26.678    1687.384      12.209       0.000       0.000       0.009       0.000       0.515       4.692       0.015       7.282       1.532       0.005
    365    12    31  2002     71       0  sub_071200021307    2294.686     489.350     479.524     215.053      81.284     357.044     326.253    1599.656       0.000     964.905     634.752     215.236     134.962     296.920     303.456     275.262      43.795       0.000       0.000       7.047    1764.360      60.708       0.000       0.000       0.007       0.000      32.901      14.060       0.004      67.392       1.071       0.000
    365    12    31  2002     72       0  sub_071200021308    1548.680     412.605     414.525      59.805       1.431      61.236       5.820    1376.634       0.000     881.949     494.685      61.703     120.085     162.278     271.646     186.821      62.562       0.000       0.000       3.003    1848.587       0.000       0.000       0.000       0.001       0.000       0.000       4.402       0.062       0.105       0.095       0.001
    365    12    31  2002     73       0  sub_071200021401    1837.676     621.208     590.730     328.501       6.340     364.188      79.331    1423.718       0.000     864.726     558.992     316.553     153.500     443.248     404.545     259.378      57.515       0.000       0.000      18.119    1881.809      29.347       0.000       0.000       0.003       0.000     174.069       0.515       0.003       0.234       0.022       0.000
    365    12    31  2002     74       0  sub_071200021402    1754.701     429.631     424.570     204.978       1.904     207.270       3.623    1244.143       0.000     660.953     583.190     204.949     135.480      99.946     399.470     116.983      58.620       0.000       0.000       4.664    1893.468       0.389       0.000       0.000       0.000       0.000      46.865      45.146       0.059       1.225       0.194       0.000
    365    12    31  2003      1       0  sub_071200020101    1543.261     337.404     335.154      43.555      34.377      81.674     249.186    1352.177       0.000    1008.956     343.222      43.526     114.076     349.605     210.182     178.982      46.167       0.000       0.000       3.727    1816.236       3.742       0.000       0.018       0.005       0.000       5.229       6.967       0.097      23.145       2.043       0.028
    365    12    31  2003      2       0  sub_071200020102    1563.104     442.564     442.481     128.472      46.701     185.499     298.717    1200.048       0.000     777.945     422.103     128.049     122.481     376.916     259.823     208.307      48.614       0.000       0.000       6.255    1846.886      10.326       0.000       0.000       0.005       0.000      27.695       0.786       0.025      36.680       0.078       0.002
    365    12    31  2003      3       0  sub_071200020103    1506.984     356.767     404.061     108.556       7.013     115.591     115.939    1443.965       0.000    1022.547     421.418     107.792     143.207     277.814     163.441     244.045      56.006       0.000       0.000       2.477    1826.043       0.022       0.000       0.000       0.002       0.000      29.977       1.645       0.009       2.707       0.091       0.001
    365    12    31  2003      4       0  sub_071200020201     837.311     137.843     135.010      37.576       4.647      42.223      21.842     817.928       0.000     450.649     367.279      38.430      69.948     142.880      95.417      98.959      26.124       0.000       0.000       0.398     924.328       0.000       0.000       0.000       0.000       0.000       0.000       0.012       0.000       0.000       0.002       0.000
    365    12    31  2003      5       0  sub_071200020202    2350.853     530.269     513.404     165.750      20.592     189.134     435.913    1541.666       0.000    1096.346     445.321     167.388     123.633     235.649     406.495     214.218      47.847       0.000       0.000       7.771    1792.200       2.792       0.000       0.000       0.008       0.000       3.796       0.166       0.008       4.263       0.017       0.001
    365    12    31  2003      6       0  sub_071200020203     803.417     169.235     174.000     103.462       4.148     112.307      12.906     750.956       0.000     395.947     355.009     103.556      75.543     148.417      81.688      93.381      16.995       0.000       0.000       1.001     915.549       4.697       0.000       0.000       0.000       0.000       0.000       3.189       0.000       0.000       0.128       0.000
    365    12    31  2003      7       0  sub_071200020204     780.743     111.726     110.980      50.547       0.075      50.622       0.000     694.205       0.000     279.569     414.636      49.874      77.591      76.132     112.721      61.155      31.247       0.000       0.000       0.575     916.526       0.000       0.000       0.000       0.000       0.000       0.000       2.118       0.000       0.000       0.003       0.000
    365    12    31  2003      8       0  sub_071200020205    1686.239     402.295     400.211     159.752       5.376     165.128     110.377    1447.135       0.000    1000.792     446.342     168.322     150.483     401.103     356.139     283.368      67.351       0.000       0.000       1.748    1832.104       0.000       0.000       0.000       0.001       0.000      83.638       2.286       0.001       4.191       0.032       0.000
    365    12    31  2003      9       0  sub_071200020206    1833.257     388.517     387.071      91.247       9.857     102.057     333.262    1462.042       0.000     986.039     476.003      91.227     117.204     298.306     234.220     170.196      43.586       0.000       0.000       2.622    1775.176       0.953       0.000       0.000       0.003       0.000       2.585       3.572       0.010       3.695       0.248       0.001
    365    12    31  2003     10       0  sub_071200020301    1618.847     259.316     259.806      88.518       7.575      98.786     176.857    1401.642       0.000     998.429     403.213      88.652     130.679    1028.839     972.606     946.570     132.693       0.000       0.000       1.764    1802.232       2.693       0.000       0.000       0.002       0.000       0.916       1.847       0.002       3.102       0.094       0.000
    365    12    31  2003     11       0  sub_071200020302    1400.972     241.264     239.969     133.946       5.721     140.110     176.139    1297.897       0.000     862.346     435.551     130.253     146.443     423.999     214.543     229.768      55.013       0.000       0.000       3.153    1831.745       0.443       0.000       0.000       0.001       0.000      46.604       0.107       0.004       2.785       0.004       0.000
    365    12    31  2003     12       0  sub_071200020303    1473.218     394.950     392.208      51.200      11.461      62.661     202.122    1240.125       0.000     785.721     454.405      51.177     111.616     227.171     195.481     132.436      35.535       0.000       0.000       2.704    1805.103       0.000       0.000       0.000       0.002       0.000       0.000       7.549       0.006       7.136       0.638       0.001
    365    12    31  2003     13       0  sub_071200020304    1752.826     379.649     375.635     238.675       1.470     243.340      28.383    1445.518       0.000     978.716     466.802     239.082     162.399     387.684     422.856     283.043      67.832       0.000       0.000       1.871    1796.133       3.194       0.000       0.000       0.000       0.000     133.367       5.859       0.005       0.417       0.058       0.000
    365    12    31  2003     14       0  sub_071200020305    2140.900     502.848     581.363     581.907       2.460     592.876     138.975    1442.921       0.000     996.012     446.909     579.291     171.320     433.082     488.479     363.462      63.064       0.000       0.000       7.717    1780.009       8.509       0.000       0.000       0.001       0.000     285.118       9.183       0.052       0.870       0.050       0.000
    365    12    31  2003     15       0  sub_071200020401    1615.689     154.798     148.292     105.478       4.802     110.280     111.110    1431.437       0.000    1022.272     409.165     104.134     141.788     299.598     257.802     193.066      53.478       0.000       0.000       0.644    1833.846       0.000       0.000       0.000       0.001       0.000      61.665       0.950       0.002       1.659       0.070       0.000
    365    12    31  2003     16       0  sub_071200020402    1880.507     552.899     515.767     376.971       0.843     377.827      46.909    1416.466       0.000    1010.328     406.138     377.101     169.302     390.757     397.669     348.402      88.909       0.000       0.000      16.674    1811.245       0.013       0.000       0.000       0.000       0.000     189.071       9.682       0.067       0.403       0.023       0.000
    365    12    31  2003     17       0  sub_071200020403     988.734     282.489     285.395     171.212       0.262     171.474       8.274     692.118       0.000     283.308     408.810     171.439      78.877      62.328     185.300      68.566      30.318       0.000       0.000       3.213     905.184       0.000       0.000       0.000       0.000       0.000       0.000       1.281       0.000       0.000       0.002       0.000
    365    12    31  2003     18       0  sub_071200020404    1029.709     221.052     191.103     101.399       0.370     103.328       7.550     738.947       0.000     332.815     406.132     101.401      79.754      61.747     212.485      83.775      30.832       0.000       0.000       1.242     934.786       1.560       0.000       0.000       0.000       0.000       0.000       0.065       0.000       0.000       0.000       0.000
    365    12    31  2003     19       0  sub_071200020405    1717.055     295.144     250.440     160.626      10.636     171.266     101.931    1247.334       0.000     809.753     437.581     160.596     160.179     226.122     378.806     216.055      62.564       0.000       0.000       2.136    1853.695       0.004       0.000       0.000       0.000       0.000      65.715       6.744       0.021       9.596       0.074       0.000
    365    12    31  2003     20       0  sub_071200020501    1580.353     395.582     426.270     114.117       5.764     119.882     179.926    1166.570       0.000     638.818     527.752     117.401     119.515     105.863     253.739      85.387      37.705       0.000       0.000       3.391    1850.288       0.000       0.000       0.000       0.000       0.000       0.260       0.364       0.010       5.425       0.001       0.000
    365    12    31  2003     21       0  sub_071200020502    1906.146     227.475     223.863     232.825       6.894     239.719      79.250    1563.293       0.000    1039.156     524.136     232.745     160.925     230.189     252.596     207.631      57.464       0.000       0.000       2.619    1841.158       0.000       0.000       0.000       0.000       0.000     130.732       0.314       0.012       6.193       0.002       0.000
    365    12    31  2003     22       0  sub_071200020503    1350.752     335.891     332.143      63.596       0.165      63.761       2.111    1183.249       0.000     754.828     428.421      65.610     139.573      46.411     146.030      71.369      38.475       0.000       0.000       2.423    1884.562       0.000       0.000       0.000       0.000       0.000      32.188       4.875       0.007       0.036       0.019       0.000
    365    12    31  2003     23       0  sub_071200020504    1053.493     136.873     120.166     150.039       0.182     150.221       0.628     863.001       0.000     421.892     441.110     150.023      81.245      73.684      96.933      76.102      32.834       0.000       0.000       1.039     936.871       0.000       0.000       0.000       0.000       0.000       0.000       2.889       0.000       0.000       0.004       0.000
    365    12    31  2003     24       0  sub_071200020505    1185.370     223.035     179.088     193.033       1.019     222.371      13.895     879.848       0.000     436.647     443.201     193.557      84.126     157.930     183.205     140.081      37.461       0.000       0.000       1.624     930.774      28.318       0.000       0.000       0.000       0.000       0.000       2.609       0.000       0.000       0.014       0.000
    365    12    31  2003     25       0  sub_071200020506     953.281     171.501     170.048     142.507       0.075     142.582       0.228     782.511       0.000     358.514     423.997     142.558      79.667      67.107      95.007      59.424      29.916       0.000       0.000       1.770     954.356       0.000       0.000       0.000       0.000       0.000       0.000       0.832       0.000       0.000       0.000       0.000
    365    12    31  2003     26       0  sub_071200020507    1681.001     338.960     335.752     114.890       7.291     126.666     178.649    1434.345       0.000     956.353     477.991     114.786     144.250     248.825     190.275     214.809      65.103       0.000       0.000       2.452    1838.661       4.485       0.000       0.000       0.000       0.000      34.231       3.853       0.026       6.255       0.050       0.000
    365    12    31  2003     27       0  sub_071200020508    2430.212     655.016     734.453     558.337      71.870     634.148     260.648    1558.930       0.000    1134.508     424.422     558.137     165.687     309.650     373.147     322.126      76.441       0.000       0.000      16.687    1820.681       3.941       0.000       0.000       0.002       0.000     240.522      24.883       0.077      66.867       0.392       0.001
    365    12    31  2003     28       0  sub_071200020601     740.085     103.074     132.178      66.920       0.006      66.926       0.027     813.781       0.000     372.792     440.989      66.297      80.947     179.079      69.667      85.943      24.662       0.000       0.000       1.286     942.966       0.000       0.000       0.000       0.000       0.000       0.000       0.110       0.000       0.000       0.000       0.000
    365    12    31  2003     29       0  sub_071200020602     697.006     109.873     155.942      97.683       0.016      97.699       0.037     669.437       0.000     272.513     396.925      97.370      83.037     108.338      86.507      49.589      25.328       0.000       0.000       1.688     916.860       0.000       0.000       0.000       0.000       0.000       0.000       0.999       0.000       0.000       0.000       0.000
    365    12    31  2003     30       0  sub_071200020603     757.429     264.958     264.481     153.331       0.031     153.399       0.021     632.218       0.000     224.982     407.236     152.819      85.295      96.499      71.422      63.412      26.033       0.000       0.000       3.850     929.502       0.037       0.000       0.000       0.000       0.000       0.000       1.584       0.000       0.000       0.000       0.000
    365    12    31  2003     31       0  sub_071200020604    2460.904     369.381     357.221     513.768       7.473     552.832      92.528    1547.870       0.000    1022.452     525.418     513.711     165.799     329.679     586.538     381.932      81.051       0.000       0.000       1.735    1829.440      31.591       0.000       0.000       0.000       0.000     296.879       6.083       0.030       7.201       0.008       0.000
    365    12    31  2003     32       0  sub_071200020605     698.715      90.296      89.857      70.542       0.052      70.594       0.594     612.571       0.000     301.239     311.332      70.562      80.693      64.299      79.235      42.646      20.951       0.000       0.000       0.477     922.436       0.000       0.000       0.000       0.000       0.000       0.000       0.018       0.000       0.000       0.000       0.000
    365    12    31  2003     33       0  sub_071200020606     890.016      61.929      48.657      74.592       0.038      74.629       0.002     792.727       0.000     339.755     452.972      74.543      81.033     109.046     118.521      79.178      33.585       0.000       0.000       0.196     917.124       0.000       0.000       0.000       0.000       0.000       0.000       0.043       0.000       0.000       0.000       0.000
    365    12    31  2003     34       0  sub_071200020607    1875.943     342.606     335.847     213.952       4.578     223.629     148.640    1565.138       0.000    1093.303     471.836     215.175     163.147     478.788     413.122     344.276      73.966       0.000       0.000       2.225    1841.284       5.098       0.000       0.000       0.000       0.000      94.330       0.570       0.006       4.063       0.002       0.000
    365    12    31  2003     35       0  sub_071200020608    1600.080     164.795     164.795     108.298       1.433     109.731       0.000    1298.777       0.000     831.469     467.308     108.362     150.755     104.446     295.942     132.895      61.902       0.000       0.000       1.080    1875.225       0.000       0.000       0.000       0.000       0.000      22.663       0.108       0.007       1.403       0.000       0.000
    365    12    31  2003     36       0  sub_071200020609    1955.943     307.844     315.563     371.186       3.429     375.528      72.690    1498.756       0.000    1039.254     459.502     370.368     163.233     206.656     226.438     236.650      75.212       0.000       0.000       2.425    1801.317       0.912       0.000       0.000       0.000       0.000     184.975       0.029       0.016       3.157       0.000       0.000
    365    12    31  2003     37       0  sub_071200020610    1760.153     404.677     386.284     290.837       1.854     292.712      69.212    1476.970       0.000    1028.671     448.299     290.843     161.660     426.548     334.248     313.822      77.106       0.000       0.000       2.022    1854.312       0.022       0.000       0.000       0.000       0.000     168.734       3.667       0.051       1.715       0.004       0.000
    365    12    31  2003     38       0  sub_071200020701     938.221     204.773     280.653     191.269       0.388     191.801       0.403     820.479       0.000     392.275     428.204     191.261      81.284     119.102     124.072      91.091      38.850       0.000       0.000       5.896     932.438       0.144       0.000       0.000       0.000       0.000       0.000       3.942       0.000       0.000       0.008       0.000
    365    12    31  2003     39       0  sub_071200020702     933.000     160.572     159.024     141.509       0.713     142.221       0.666     758.081       0.000     335.649     422.432     141.524      80.859      88.135     120.150      73.212      28.800       0.000       0.000       1.373     901.271       0.000       0.000       0.000       0.000       0.000       0.000       1.745       0.000       0.000       0.009       0.000
    365    12    31  2003     40       0  sub_071200020703     723.589     158.343     157.422      86.700       0.135      86.930       1.801     709.010       0.000     326.050     382.959      86.843      82.892     169.118      94.823      91.443      27.387       0.000       0.000       1.167     930.690       0.095       0.000       0.000       0.000       0.000       0.000       0.090       0.000       0.000       0.000       0.000
    365    12    31  2003     41       0  sub_071200020704    1111.779     172.994     171.230     214.332       3.209     230.516      11.781     875.243       0.000     469.706     405.538     215.014      86.415     207.361     200.975     162.809      35.716       0.000       0.000       2.423     918.309      12.975       0.000       0.000       0.000       0.000       0.000       0.077       0.000       0.000       0.001       0.000
    365    12    31  2003     42       0  sub_071200020705    2071.877     500.384     498.433     402.050       7.804     410.870     224.009    1514.510       0.000    1055.096     459.414     405.971     162.864     537.789     458.488     348.505      75.939       0.000       0.000       4.747    1840.635       1.015       0.000       0.000       0.000       0.000     145.801       0.936       0.004       6.802       0.004       0.000
    365    12    31  2003     43       0  sub_071200020706    1791.737     186.005     185.594     156.589       3.115     159.704     130.222    1454.038       0.000     989.754     464.284     156.538     156.042     197.294     245.138     175.932      69.610       0.000       0.000       0.929    1829.438       0.000       0.000       0.000       0.000       0.000      37.187       0.031       0.008       3.061       0.000       0.000
    365    12    31  2003     44       0  sub_071200020707    1516.984     206.743     206.678      77.414       3.762      81.176      77.740    1423.378       0.000     963.946     459.432      77.431     148.259     338.245     272.919     238.473      74.926       0.000       0.000       1.279    1845.653       0.000       0.000       0.000       0.000       0.000      18.665       3.556       0.079       3.719       0.003       0.000
    365    12    31  2003     45       0  sub_071200020708    2365.944     650.549     553.227     458.011      31.170     573.531     313.496    1461.558       0.000     984.244     477.315     456.693     160.647     502.857     431.556     362.752      76.007       0.000       0.000      11.839    1823.264      84.350       0.000       0.000       0.001       0.000     214.801       0.321       0.038      28.918       0.003       0.000
    365    12    31  2003     46       0  sub_071200020709     734.246      58.897      58.897      65.067       0.474      65.562       1.734     713.991       0.000     338.611     375.380      65.066      75.956      81.513      34.473      51.934      19.551       0.000       0.000       0.263     915.525       0.022       0.000       0.000       0.000       0.000       0.000       0.000       0.000       0.000       0.000       0.000
    365    12    31  2003     47       0  sub_071200020710    1450.617     290.981     189.562      47.377       0.096      47.473       0.000    1290.473       0.000     755.962     534.511      48.759     147.776     233.121     244.031     141.847      58.590       0.000       0.000       1.552    1857.217       0.000       0.000       0.000       0.000       0.000      10.180       0.124       0.006       0.045       0.000       0.000
    365    12    31  2003     48       0  sub_071200020711    2002.315     446.439     379.201     103.186       8.879     112.065      54.505    1488.748       0.000    1074.347     414.402     103.186     140.714     195.787     479.456     332.763      79.187       0.000       0.000       7.537    1874.186       0.000       0.000       0.000       0.000       0.000      14.849       1.334       0.083       8.319       0.008       0.001
    365    12    31  2003     49       0  sub_071200020801    1650.983     429.251     458.319     262.412       0.089     262.501      97.581    1401.266       0.000     931.288     469.978     238.494     168.921     328.781     277.343     317.465      89.965       0.000       0.000       5.520    1835.604       0.000       0.000       0.000       0.000       0.000     121.670       2.699       0.004       0.018       0.002       0.000
    365    12    31  2003     50       0  sub_071200020802     991.223     358.658     346.238     255.888       0.088     256.166       1.099     701.197       0.000     268.575     432.621     255.871      84.698      71.141      95.921      71.219      29.026       0.000       0.000       3.886     958.108       0.190       0.000       0.000       0.000       0.000       0.000       3.367       0.000       0.000       0.001       0.000
    365    12    31  2003     51       0  sub_071200020803    1525.093     357.756     405.655     241.030       1.986     243.141      87.373    1389.216       0.000     851.408     537.808     238.095     158.919     260.246     121.502     202.001      64.706       0.000       0.000       6.654    1879.634       0.125       0.000       0.000       0.000       0.000     120.058       7.844       0.003       1.931       0.004       0.000
    365    12    31  2003     52       0  sub_071200020804    1502.678     497.470     492.802     150.654       0.280     150.949      19.537    1391.701       0.000     885.745     505.955     150.712     151.583     224.103     164.538     201.530      60.847       0.000       0.000      13.206    1873.983       0.014       0.000       0.000       0.000       0.000      47.448       2.565       0.009       0.180       0.003       0.000
    365    12    31  2003     53       0  sub_071200020805    1739.006     321.369     318.429     231.784      25.078     260.826     177.989    1473.132       0.000    1040.440     432.693     231.867     151.912     480.356     307.338     369.295      70.107       0.000       0.000       3.328    1820.297       3.963       0.000       0.000       0.000       0.000      95.120       7.757       0.099      24.771       0.017       0.000
    365    12    31  2003     54       0  sub_071200020806    2269.809     368.687     368.505     517.456      34.934     620.781     123.309    1549.149       0.000    1070.753     478.396     513.025     166.173     519.944     502.777     394.009      71.728       0.000       0.000       4.170    1840.705      68.391       0.000       0.000       0.002       0.000     333.391       0.946       0.006      31.431       0.018       0.000
    365    12    31  2003     55       0  sub_071200020807    1503.910     398.895     395.929     221.333       4.215     230.662     171.758    1216.661       0.000     749.978     466.684     220.874     146.536     350.861     236.161     221.852      53.622       0.000       0.000       5.478    1942.407       5.114       0.000       0.000       0.001       0.000      93.203       3.884       0.003       2.461       0.053       0.000
    365    12    31  2003     56       0  sub_071200020808    2001.204     404.000     366.355     376.409       4.733     388.238     101.605    1507.894       0.000    1089.665     418.230     366.960     164.943     382.817     362.640     368.215      72.306       0.000       0.000       4.668    1844.787       7.096       0.000       0.000       0.001       0.000     219.314       3.397       0.165       2.717       0.046       0.002
    365    12    31  2003     57       0  sub_071200020901    1134.452     182.515     180.997     200.001       1.362     226.271       5.794     873.820       0.000     421.979     451.841     201.653      86.338     217.960     244.893     177.572      36.419       0.000       0.000       1.365     923.215      24.908       0.000       0.000       0.000       0.000       0.000      11.517       0.000       0.000       0.078       0.000
    365    12    31  2003     58       0  sub_071200020902    2475.674     295.918     295.939     607.581       4.081     663.410     204.613    1525.520       0.000    1046.039     479.481     607.557     169.041     409.376     496.246     411.487      78.717       0.000       0.000       7.351    1809.676      51.747       0.000       0.000       0.001       0.000     365.602       3.359       0.006       2.457       0.023       0.000
    365    12    31  2003     59       0  sub_071200021001    2212.011     290.880     325.477     471.849      53.692     546.846     309.414    1525.197       0.000    1110.183     415.014     471.621     165.699     574.231     443.198     494.815      86.709       0.000       0.000       4.083    1840.161      21.305       0.000       0.000       0.004       0.000     216.229      18.049       0.108      44.733       0.633       0.004
    365    12    31  2003     60       0  sub_071200021002    2102.857     473.239     481.224     180.310      10.756     213.744     320.303    1417.873       0.000     911.521     506.352     180.387     141.915     148.531     313.450     200.201      59.047       0.000       0.000       4.474    1821.285      22.679       0.000       0.000       0.003       0.000      53.983      24.334       0.040       3.545       1.388       0.002
    365    12    31  2003     61       0  sub_071200021101    1487.314     237.982     239.715      36.598       6.756      43.355     147.550    1383.428       0.000     861.009     522.419      36.502     121.739     324.061     239.808     163.936      47.028       0.000       0.000       0.911    1844.663       0.001       0.000       0.000       0.001       0.000       0.000       0.049       0.001       3.776       0.004       0.000
    365    12    31  2003     62       0  sub_071200021102    1453.709      85.119      84.686      46.580       4.580      55.348     207.001    1304.024       0.000     759.532     544.492      46.578     118.917     210.802      98.159     118.422      32.354       0.000       0.000       0.493    1822.112       4.188       0.000       0.000       0.001       0.000       0.000       0.431       0.007       1.728       0.026       0.000
    365    12    31  2003     63       0  sub_071200021201     773.479     113.528     113.002      43.933       0.374      44.307       1.884     739.617       0.000     312.542     427.075      43.927      76.818      76.182      63.859      48.513      25.823       0.000       0.000       0.733     917.737       0.000       0.000       0.000       0.000       0.000       0.000       0.000       0.000       0.000       0.000       0.000
    365    12    31  2003     64       0  sub_071200021202    1754.261     358.995     336.339      76.612      98.703     175.314      90.165    1497.120       0.000     918.655     578.465      76.684     129.522     330.053     300.997     208.623      63.674       0.000       0.000       2.524    1861.579       0.000       0.000       0.000       0.000       0.000       0.137       0.527       0.017      98.560       0.001       0.000
    365    12    31  2003     65       0  sub_071200021301    1643.169     479.206     477.727      89.959      22.759     113.492     261.640    1290.155       0.000     901.914     388.240      89.949     120.003     261.563     240.942     199.536      52.707       0.000       0.000       3.365    1859.037       0.774       0.000       0.000       0.004       0.000      16.270       1.058       0.003      14.802       0.114       0.000
    365    12    31  2003     66       0  sub_071200021302    1902.728     339.214     334.073     451.271       4.130     459.716     214.304    1342.119       0.000     875.068     467.051     446.064     155.278     241.051     132.845     167.386      47.602       0.000       0.000       4.210    1833.840       4.315       0.000       0.000       0.002       0.000     213.912       7.369       0.012       0.389       0.119       0.000
    365    12    31  2003     67       0  sub_071200021303    1782.500     365.102     355.507     138.299       6.777     145.276     231.131    1381.521       0.000     949.124     432.397     138.710     140.744     238.025     255.374     150.009      38.578       0.000       0.000       2.043    1886.860       0.200       0.000       0.000       0.002       0.000      48.622       4.477       0.019       1.611       0.257       0.001
    365    12    31  2003     68       0  sub_071200021304    1668.898     340.344     338.974      32.420      13.348      49.337     326.342    1383.541       0.000    1029.021     354.520      32.040      95.972     210.866     122.471     112.958      31.697       0.000       0.000       2.710    1824.852       3.569       0.000       0.000       1.447       0.000       0.006       0.000       4.473       1.296       0.000       1.683
    365    12    31  2003     69       0  sub_071200021305     946.014     301.471     293.931     185.369       2.745     190.445      10.918     746.407       0.000     398.570     347.837     185.641      81.534     112.984     106.883      86.527      28.292       0.000       0.000       6.254     905.790       2.331       0.000       0.000       0.000       0.000       0.000       0.361       0.000       0.000       0.005       0.000
    365    12    31  2003     70       0  sub_071200021306    1509.754     545.942     538.052      52.121      23.656      85.173     456.641    1031.500       0.000     664.778     366.722      52.123     101.834     275.998     212.468     147.956      42.307       0.000       0.000      19.245    1687.177       9.396       0.000       0.000       0.008       0.000       1.427       4.069       0.013       6.628       1.367       0.004
    365    12    31  2003     71       0  sub_071200021307    1483.504     567.462     555.116     109.456      55.260     183.138     220.594    1191.808       0.000     713.768     478.039     109.281     118.896     303.456     187.253     195.382      48.795       0.000       0.000       9.328    1858.708      18.422       0.000       0.000       0.004       0.000       7.751       7.829       0.002      46.291       0.692       0.000
    365    12    31  2003     72       0  sub_071200021308    1751.841     470.990     482.153     127.444      15.929     147.918     184.456    1401.923       0.000    1005.190     396.733     125.532     139.125     271.646     308.726     326.389      72.433       0.000       0.000       5.205    1827.276       4.544       0.000       0.000       0.003       0.000      34.123       6.522       0.091       9.080       0.489       0.007
    365    12    31  2003     73       0  sub_071200021401    1324.817     246.044     362.544     234.315       5.809     257.973      81.980    1290.490       0.000     844.787     445.703     225.415     153.855     404.545     228.805     240.408      61.932       0.000       0.000       6.055    1878.511      17.849       0.000       0.000       0.002       0.000     142.017       0.301       0.002       0.808       0.018       0.000
    365    12    31  2003     74       0  sub_071200021402    1372.567     252.855     249.577      88.001       4.018      93.074     122.006    1420.503       0.000     913.494     507.009      87.985     144.723     399.470     136.637     207.586      59.171       0.000       0.000       2.526    1825.628       1.055       0.000       0.000       0.001       0.000      27.539      17.262       0.023       2.160       0.531       0.001
