 ceap_07120002             SWAT+ Jun 17  2020    MODULAR Rev 2020.60.4                                    
  jday   mon   day    yr    unit  gis_id     name         grzn        grzp        lab_min_p        act_sta_p            fertn            fertp             fixn            denit        act_nit_n        act_sta_n        org_lab_p     rsd_nitorg_n     rsd_laborg_p          no3atmo          nh4atmo
                                                          kgha        kgha             kgha             kgha             kgha             kgha             kgha             kgha             kgha             kgha             kgha             kgha             kgha             kgha             kgha
   365    12    31  2001       1       0  sub_071200020101       0.000       0.000      -2.034      -2.160      66.596      10.189            0.143            1.721          169.283            4.050           13.318           40.469           25.100           13.061            4.687
   365    12    31  2001       2       0  sub_071200020102       0.000       0.000      -2.876      -2.849      94.445      15.543            0.175            0.045          192.309            4.595           15.102           49.750           20.069           12.754            5.220
   365    12    31  2001       3       0  sub_071200020103       0.000       0.000       0.552       0.799     113.505      18.075            0.136            0.050          204.221            4.714           16.027           59.416           16.572           12.184            5.203
   365    12    31  2001       4       0  sub_071200020201       0.000       0.000      -1.581      -1.116      77.336      14.529            0.348            0.017           78.021            1.592            6.140           52.788           20.764            5.913            2.431
   365    12    31  2001       5       0  sub_071200020202       0.000       0.000      -5.509      -3.754     101.784      17.298            0.221            0.055          102.017            2.405            8.023           56.265           19.505           11.566            5.122
   365    12    31  2001       6       0  sub_071200020203       0.000       0.000      -1.552      -0.758      83.980      15.952            0.389            0.266           81.858            1.628            6.434           49.611           18.066            6.080            2.551
   365    12    31  2001       7       0  sub_071200020204       0.000       0.000      -0.222      -1.215      84.470      16.610            0.380            0.000           59.895            1.718            4.707           50.314           12.110            5.763            2.174
   365    12    31  2001       8       0  sub_071200020205       0.000       0.000      -3.780      -2.628      99.554      17.510            0.282            0.012          170.561            3.783           13.393           60.240           20.709           12.025            4.983
   365    12    31  2001       9       0  sub_071200020206       0.000       0.000      -2.545      -0.001      81.368      14.306            0.340            0.064          106.118            2.243            8.349           47.938           22.005           12.166            5.229
   365    12    31  2001      10       0  sub_071200020301       0.000       0.000       4.614      -0.070      90.905      15.439            0.257            0.179          834.245           16.766           65.362           53.100           19.022           12.161            4.779
   365    12    31  2001      11       0  sub_071200020302       0.000       0.000      -2.855      -2.409      97.469      17.841            0.306            0.053          182.164            4.655           14.302           52.882           19.380           11.784            5.433
   365    12    31  2001      12       0  sub_071200020303       0.000       0.000      -1.999      -1.192      98.382      15.483            0.181            0.136          158.310            3.302           12.432           51.577           20.546           12.468            5.201
   365    12    31  2001      13       0  sub_071200020304       0.000       0.000      -2.380      -2.904     104.097      18.611            0.271            0.005          122.888            3.215            9.656           53.897           17.593           11.684            5.254
   365    12    31  2001      14       0  sub_071200020305       0.000       0.000      -3.127      -3.010      91.342      15.614            0.219            0.010          141.928            3.661           11.151           56.100           19.653           12.156            5.227
   365    12    31  2001      15       0  sub_071200020401       0.000       0.000      -5.176      -2.695      95.560      15.950            0.233            0.056          213.843            4.319           16.786           51.257           22.407           12.072            4.639
   365    12    31  2001      16       0  sub_071200020402       0.000       0.000      -3.138      -1.808      87.287      16.493            0.385            0.046          319.896            7.078           25.089           56.595           21.148           11.814            4.623
   365    12    31  2001      17       0  sub_071200020403       0.000       0.000      -1.361      -1.236      91.330      17.545            0.414            0.000           62.186            1.580            4.889           54.859           18.436            5.673            2.217
   365    12    31  2001      18       0  sub_071200020404       0.000       0.000      -2.817      -0.653      96.693      18.272            0.360            0.054           59.345            1.425            4.667           46.919           14.701            5.668            2.218
   365    12    31  2001      19       0  sub_071200020405       0.000       0.000      -4.965      -2.920      88.989      16.641            0.344            0.005          157.047            3.643           12.338           56.679           21.147           11.572            4.658
   365    12    31  2001      20       0  sub_071200020501       0.000       0.000      -4.146      -2.968      96.146      17.393            0.259            0.026          131.203            2.837           10.303           61.094           19.680           11.437            4.347
   365    12    31  2001      21       0  sub_071200020502       0.000       0.000      -4.149      -2.531      95.664      17.395            0.324            0.103          142.466            3.305           11.192           61.490           21.997           11.022            4.066
   365    12    31  2001      22       0  sub_071200020503       0.000       0.000      -3.316      -2.177      86.930      15.583            0.344            0.019          136.761            3.087           10.749           55.295           20.991           11.086            4.314
   365    12    31  2001      23       0  sub_071200020504       0.000       0.000      -1.033      -1.169     101.418      18.821            0.298            0.000           60.962            1.533            4.792           57.074           16.507            5.604            2.113
   365    12    31  2001      24       0  sub_071200020505       0.000       0.000      -2.128      -0.863      92.928      17.208            0.374            0.047           72.972            1.469            5.737           53.388           20.944            5.537            2.080
   365    12    31  2001      25       0  sub_071200020506       0.000       0.000      -4.145      -0.777      95.557      17.824            0.378            0.093           87.012            1.578            6.836           59.509           20.075            5.613            2.070
   365    12    31  2001      26       0  sub_071200020507       0.000       0.000      -3.113      -3.429      79.973      14.739            0.340            0.000          126.764            3.067            9.961           46.351           17.040           10.602            3.241
   365    12    31  2001      27       0  sub_071200020508       0.000       0.000      -3.648      -3.025     100.008      17.620            0.320            0.000          199.804            3.832           15.687           68.033           24.591           10.742            3.372
   365    12    31  2001      28       0  sub_071200020601       0.000       0.000      -2.017      -1.342      87.716      17.467            0.492            0.000           77.796            1.740            6.114           57.535           22.417            5.217            1.638
   365    12    31  2001      29       0  sub_071200020602       0.000       0.000      -1.786      -1.360      83.362      15.938            0.488            0.000           75.587            1.561            5.944           48.048           22.772            5.322            1.662
   365    12    31  2001      30       0  sub_071200020603       0.000       0.000      -1.641      -1.030      90.227      16.899            0.371            0.000           63.121            1.481            4.965           53.644           17.600            5.294            1.623
   365    12    31  2001      31       0  sub_071200020604       0.000       0.000      -9.109      -2.617      83.473      16.722            0.440            0.005          113.889            2.361            8.953           57.259           21.919           10.594            3.385
   365    12    31  2001      32       0  sub_071200020605       0.000       0.000      -0.427      -1.169     100.423      18.861            0.369            0.000           72.323            1.591            5.681           53.375           13.987            5.281            1.591
   365    12    31  2001      33       0  sub_071200020606       0.000       0.000      -0.800      -1.165      90.304      17.980            0.401            0.000           78.904            1.801            6.200           54.153           16.805            5.294            1.589
   365    12    31  2001      34       0  sub_071200020607       0.000       0.000      -5.088      -3.017      87.894      17.133            0.425            0.000          150.062            2.856           11.787           60.180           24.843           10.635            3.240
   365    12    31  2001      35       0  sub_071200020608       0.000       0.000      -5.872      -2.941      82.334      16.364            0.401            0.000          133.131            2.408           10.457           57.099           24.590           10.802            3.338
   365    12    31  2001      36       0  sub_071200020609       0.000       0.000      -0.839      -0.819      92.153      17.657            0.314            0.005          148.582            3.541           11.667           65.497           17.223           10.595            3.179
   365    12    31  2001      37       0  sub_071200020610       0.000       0.000      -9.819       0.658      87.215      16.481            0.406            0.069          306.209            4.783           24.007           63.166           26.807           10.599            3.449
   365    12    31  2001      38       0  sub_071200020701       0.000       0.000      -1.644      -1.244      90.974      17.736            0.374            0.000           78.464            1.707            6.167           62.624           21.143            5.644            1.918
   365    12    31  2001      39       0  sub_071200020702       0.000       0.000      -1.804      -1.304      90.062      16.805            0.343            0.001           74.452            1.747            5.855           55.023           18.432            5.519            1.836
   365    12    31  2001      40       0  sub_071200020703       0.000       0.000      -1.478      -1.169     101.900      18.608            0.323            0.001           61.974            1.577            4.874           58.629           18.089            5.457            1.807
   365    12    31  2001      41       0  sub_071200020704       0.000       0.000      -0.346      -1.173      98.786      18.178            0.337            0.000           62.256            1.646            4.895           53.574           16.924            5.368            1.745
   365    12    31  2001      42       0  sub_071200020705       0.000       0.000      -2.101      -2.696      94.378      17.745            0.375            0.000          218.045            6.220           17.114           51.556           17.368           10.717            3.599
   365    12    31  2001      43       0  sub_071200020706       0.000       0.000      -4.600      -2.913      91.475      17.398            0.409            0.000          140.493            2.962           11.039           54.836           25.476           10.666            3.358
   365    12    31  2001      44       0  sub_071200020707       0.000       0.000      -6.402      -1.704      80.343      14.593            0.350            0.618          296.711            6.455           23.279           53.069           22.533           10.579            3.327
   365    12    31  2001      45       0  sub_071200020708       0.000       0.000      -2.323      -2.501      85.278      17.023            0.374            0.012          163.294            4.382           12.820           51.889           14.439           10.321            3.014
   365    12    31  2001      46       0  sub_071200020709       0.000       0.000      -0.843      -1.149     110.267      19.887            0.298            0.003           90.947            1.947            7.142           65.121           17.329            5.419            1.669
   365    12    31  2001      47       0  sub_071200020710       0.000       0.000      -3.336      -1.366      87.721      17.239            0.407            0.022          169.221            3.793           13.290           63.761           21.728           10.529            3.276
   365    12    31  2001      48       0  sub_071200020711       0.000       0.000      -2.396      -2.720     101.808      16.708            0.206            0.010          428.292            7.732           33.572           55.322           23.365           10.717            3.255
   365    12    31  2001      49       0  sub_071200020801       0.000       0.000      -3.185      -1.756      88.287      15.694            0.404            0.000          325.314            6.829           25.513           53.728           24.281           10.686            3.500
   365    12    31  2001      50       0  sub_071200020802       0.000       0.000      -0.884      -1.282      83.521      16.113            0.385            0.000           67.178            1.542            5.281           52.760           17.499            5.311            1.679
   365    12    31  2001      51       0  sub_071200020803       0.000       0.000      -3.500      -3.093      85.345      15.508            0.321            0.000           83.394            2.207            6.562           50.526           17.949           10.497            3.386
   365    12    31  2001      52       0  sub_071200020804       0.000       0.000      -5.183      -3.060      87.079      17.012            0.430            0.000          165.779            3.751           13.016           61.917           23.086           10.538            3.334
   365    12    31  2001      53       0  sub_071200020805       0.000       0.000      -1.477      -2.727      82.319      14.304            0.364            0.000          268.992            7.663           21.112           46.686           19.890           10.476            3.211
   365    12    31  2001      54       0  sub_071200020806       0.000       0.000      -6.331      -2.884      93.277      17.824            0.365            0.009          180.921            3.477           14.203           64.010           24.952           10.370            3.300
   365    12    31  2001      55       0  sub_071200020807       0.000       0.000     -11.155      -2.789      99.211      18.030            0.270            0.003          178.906            4.442           14.044           63.755           20.197           10.521            3.398
   365    12    31  2001      56       0  sub_071200020808       0.000       0.000      -3.339      -0.155      90.510      15.943            0.280            0.074          249.731            4.985           19.596           57.863           23.468           10.468            3.355
   365    12    31  2001      57       0  sub_071200020901       0.000       0.000      -1.717      -1.181      80.352      15.292            0.391            0.000           67.921            1.692            5.341           47.291           18.844            5.211            1.618
   365    12    31  2001      58       0  sub_071200020902       0.000       0.000      -3.801      -2.865      89.219      17.318            0.360            0.001          214.862            4.100           16.858           59.039           23.401           10.537            3.437
   365    12    31  2001      59       0  sub_071200021001       0.000       0.000      -2.841      -2.669      96.453      16.184            0.242            0.013          369.109            7.992           28.947           59.270           22.196           10.578            3.240
   365    12    31  2001      60       0  sub_071200021002       0.000       0.000      -5.448      -3.500     108.669      18.519            0.227            0.019          121.103            2.507            9.519           68.246           23.407           10.542            3.244
   365    12    31  2001      61       0  sub_071200021101       0.000       0.000      -5.998      -3.530     101.905      18.163            0.308            0.017          110.084            2.180            8.651           68.190           24.545           10.870            3.244
   365    12    31  2001      62       0  sub_071200021102       0.000       0.000      -3.440      -2.405     100.664      18.170            0.283            0.013          107.886            2.608            8.478           57.358           19.421           10.464            3.150
   365    12    31  2001      63       0  sub_071200021201       0.000       0.000      -2.294      -1.228      79.010      15.634            0.443            0.007           85.778            1.859            6.740           49.652           19.411            5.281            1.640
   365    12    31  2001      64       0  sub_071200021202       0.000       0.000      -5.027      -2.261      93.858      17.749            0.369            0.065           94.316            2.114            7.417           62.631           23.541           10.664            3.358
   365    12    31  2001      65       0  sub_071200021301       0.000       0.000      -2.774      -2.759     110.484      17.961            0.138            0.179          312.720            7.487           24.532           64.423           19.909           11.826            4.074
   365    12    31  2001      66       0  sub_071200021302       0.000       0.000      -4.713      -3.019     106.701      17.691            0.192            0.081          113.278            3.059            8.904           58.214           16.682           11.599            3.861
   365    12    31  2001      67       0  sub_071200021303       0.000       0.000      -3.267      -0.816      86.421      13.653            0.252            0.113          114.302            2.396            8.991           49.230           21.304           11.777            3.890
   365    12    31  2001      68       0  sub_071200021304       0.000       0.000      -3.535      -3.151      53.482       6.636            0.068            0.020           89.197            2.201            7.057           29.608           27.627           11.485            3.375
   365    12    31  2001      69       0  sub_071200021305       0.000       0.000      -0.690      -1.178     104.416      18.459            0.222            0.010           65.266            1.681            5.132           53.673           15.205            5.634            1.545
   365    12    31  2001      70       0  sub_071200021306       0.000       0.000      -4.094      -2.859      98.025      13.989            0.040            0.021           69.571            1.660            5.492           48.784           22.470           11.654            3.250
   365    12    31  2001      71       0  sub_071200021307       0.000       0.000      -5.956      -3.116     109.606      18.737            0.166            0.373          100.600            2.092            7.906           65.425           20.272           11.092            3.260
   365    12    31  2001      72       0  sub_071200021308       0.000       0.000      -3.137      -2.757      93.311      16.060            0.263            0.053          324.958            7.453           25.490           56.932           20.650           10.977            3.157
   365    12    31  2001      73       0  sub_071200021401       0.000       0.000      -5.359      -2.920     103.329      17.976            0.283            0.017          129.779            3.197           10.197           62.620           20.328           12.176            3.448
   365    12    31  2001      74       0  sub_071200021402       0.000       0.000      -3.608      -3.505      92.273      16.795            0.366            0.000          107.808            2.860            8.478           56.456           20.713           11.472            3.241
   365    12    31  2002       1       0  sub_071200020101       0.000       0.000      -0.793       0.628      57.902       9.211            0.043            9.972          184.598            3.399           14.467           58.733           13.656           13.132            4.526
   365    12    31  2002       2       0  sub_071200020102       0.000       0.000      -2.596      -1.776      82.173      14.070            0.146            2.973          203.393            3.919           15.904           49.802           12.246           12.750            5.057
   365    12    31  2002       3       0  sub_071200020103       0.000       0.000       0.800       4.707      84.131      14.848            0.048            0.253          171.063            4.094           13.372           55.956            9.370           12.214            5.079
   365    12    31  2002       4       0  sub_071200020201       0.000       0.000      -2.233       0.119      81.925      15.001            0.129            0.291           71.615            1.359            5.642           74.435           15.729            6.003            2.426
   365    12    31  2002       5       0  sub_071200020202       0.000       0.000     -10.022      -2.883      74.997      14.001            0.121            0.723          118.533            2.033            9.304           55.770           17.564           11.756            5.129
   365    12    31  2002       6       0  sub_071200020203       0.000       0.000      -1.657       0.814      74.358      14.305            0.142            1.557           92.054            1.354            7.227           60.657           15.359            6.144            2.538
   365    12    31  2002       7       0  sub_071200020204       0.000       0.000      -2.570      -0.158      69.920      14.629            0.069            0.048           70.371            1.543            5.528           60.550           15.507            5.868            2.187
   365    12    31  2002       8       0  sub_071200020205       0.000       0.000      -7.407      -0.732      67.757      13.798            0.201            0.082          190.190            3.206           14.875           54.384           15.045           12.148            4.927
   365    12    31  2002       9       0  sub_071200020206       0.000       0.000      -2.724       5.563      72.551      13.016            0.178            0.514          107.116            1.853            8.409           49.506           12.924           12.371            5.250
   365    12    31  2002      10       0  sub_071200020301       0.000       0.000       7.794       4.353      75.746      13.791            0.182            0.895          920.487           13.719           71.644           54.090           14.791           12.306            4.811
   365    12    31  2002      11       0  sub_071200020302       0.000       0.000       1.220       3.734      97.697      17.451            0.083            0.585          197.647            4.030           15.462           67.937           13.133           11.904            5.336
   365    12    31  2002      12       0  sub_071200020303       0.000       0.000      -3.401       2.886      82.711      14.058            0.235            0.790          153.268            2.768           11.988           54.035           11.855           12.534            5.136
   365    12    31  2002      13       0  sub_071200020304       0.000       0.000      -5.020      -1.019      92.618      17.051            0.071            0.259          160.019            2.779           12.535           66.543           15.262           11.908            5.294
   365    12    31  2002      14       0  sub_071200020305       0.000       0.000      -7.289      -2.250      64.831      12.882            0.216            0.047          176.210            3.110           13.800           47.046           15.345           12.456            5.347
   365    12    31  2002      15       0  sub_071200020401       0.000       0.000      -7.144      -0.945      67.014      12.955            0.358            2.971          191.308            3.525           14.959           49.550           13.718           12.179            4.622
   365    12    31  2002      16       0  sub_071200020402       0.000       0.000      -2.501      -1.308      78.442      15.263            0.266            0.003          306.028            6.000           23.893           62.752           16.158           11.978            4.644
   365    12    31  2002      17       0  sub_071200020403       0.000       0.000      -1.337      -0.484      76.226      15.575            0.145            0.008           56.337            1.416            4.447           63.388           14.954            5.734            2.187
   365    12    31  2002      18       0  sub_071200020404       0.000       0.000       1.260       4.936      73.353      14.944            0.091            0.859           65.144            1.238            5.122           52.681           13.911            5.723            2.189
   365    12    31  2002      19       0  sub_071200020405       0.000       0.000      -4.818      -0.800      70.880      14.244            0.209            0.128          162.612            3.090           12.740           55.256           12.946           11.654            4.602
   365    12    31  2002      20       0  sub_071200020501       0.000       0.000      -3.126      -1.752      71.971      14.988            0.106            0.092          106.214            2.469            8.324           66.686           10.345           11.345            4.106
   365    12    31  2002      21       0  sub_071200020502       0.000       0.000      -7.133      -1.703      74.257      15.100            0.146            0.001          128.919            2.874           10.112           73.674           12.532           11.129            3.995
   365    12    31  2002      22       0  sub_071200020503       0.000       0.000      -3.820       5.068      74.908      14.193            0.124            0.320          128.173            2.726           10.051           74.960           12.949           11.253            4.321
   365    12    31  2002      23       0  sub_071200020504       0.000       0.000      -0.691      -0.833      73.500      15.511            0.060            0.000           54.583            1.392            4.306           63.845           13.495            5.653            2.072
   365    12    31  2002      24       0  sub_071200020505       0.000       0.000      -3.035       0.564      65.787      14.091            0.314            0.301           79.001            1.260            6.231           52.071           18.690            5.636            2.099
   365    12    31  2002      25       0  sub_071200020506       0.000       0.000      -0.494      -0.125      80.189      15.492            0.083            0.138           65.941            1.361            5.190           71.830           13.256            5.501            1.886
   365    12    31  2002      26       0  sub_071200020507       0.000       0.000      -5.144      -1.374      74.964      13.917            0.023            0.086          140.539            2.694           11.014           68.801           16.401           10.851            3.317
   365    12    31  2002      27       0  sub_071200020508       0.000       0.000      -6.142       2.607      60.904      12.823            0.189            0.424          202.178            3.168           15.819           61.977           15.664           10.991            3.490
   365    12    31  2002      28       0  sub_071200020601       0.000       0.000      -2.118      -0.940      76.032      15.698            0.141            0.000           75.583            1.480            5.960           71.962           16.148            5.389            1.705
   365    12    31  2002      29       0  sub_071200020602       0.000       0.000      -2.486      -0.661      84.202      15.821            0.270            0.000           70.922            1.297            5.602           61.023           18.313            5.490            1.735
   365    12    31  2002      30       0  sub_071200020603       0.000       0.000      -1.813      -0.157      72.268      14.213            0.085            0.000           66.805            1.302            5.261           57.665           13.306            5.427            1.655
   365    12    31  2002      31       0  sub_071200020604       0.000       0.000      -2.362       2.573      79.499      15.866            0.029            0.246          126.921            1.994            9.962           76.901           15.384           10.650            3.238
   365    12    31  2002      32       0  sub_071200020605       0.000       0.000      -2.858       1.054      67.640      14.536            0.055            0.099           84.808            1.415            6.659           62.266           17.283            5.467            1.667
   365    12    31  2002      33       0  sub_071200020606       0.000       0.000      -1.441      -0.756      73.641      15.498            0.037            0.000           73.595            1.596            5.790           86.431           14.855            5.402            1.598
   365    12    31  2002      34       0  sub_071200020607       0.000       0.000     -11.032      -0.403      75.732      15.222            0.141            0.035          181.019            2.336           14.186           71.247           20.498           11.037            3.452
   365    12    31  2002      35       0  sub_071200020608       0.000       0.000      -7.755      -1.776      84.848      16.620            0.110            0.009          107.679            2.026            8.464           76.164           14.920           10.722            3.072
   365    12    31  2002      36       0  sub_071200020609       0.000       0.000      -4.459      -0.452      73.132      15.420            0.030            0.000          151.374            3.161           11.854           67.328           13.219           10.738            3.127
   365    12    31  2002      37       0  sub_071200020610       0.000       0.000       2.266       6.809      76.027      15.031            0.193            0.468          247.830            3.852           19.343           62.830           16.719           10.524            3.207
   365    12    31  2002      38       0  sub_071200020701       0.000       0.000      -0.879      -0.841      71.576      15.302            0.102            0.000           56.744            1.521            4.472           80.065           11.140            5.677            1.861
   365    12    31  2002      39       0  sub_071200020702       0.000       0.000       0.080      -0.881      75.046      15.098            0.071            0.001           55.136            1.543            4.341           95.256            8.564            5.525            1.740
   365    12    31  2002      40       0  sub_071200020703       0.000       0.000      -1.280      -0.420      77.118      15.767            0.184            0.008           70.643            1.416            5.563           56.238           17.005            5.521            1.769
   365    12    31  2002      41       0  sub_071200020704       0.000       0.000      -5.980      -0.411      81.285      16.333            0.145            0.110           84.478            1.460            6.651           57.702           20.234            5.580            1.852
   365    12    31  2002      42       0  sub_071200020705       0.000       0.000      -5.045      -1.838      96.981      17.887            0.093            1.268          328.216            5.261           25.642           71.131           19.015           11.166            3.867
   365    12    31  2002      43       0  sub_071200020706       0.000       0.000     -10.551      -1.503      74.492      15.325            0.243            0.015          135.090            2.455           10.610           51.936           20.062           10.862            3.376
   365    12    31  2002      44       0  sub_071200020707       0.000       0.000      -4.522      -1.072      75.243      13.967            0.040            0.000          238.710            5.558           18.657           87.479           10.637           10.604            3.172
   365    12    31  2002      45       0  sub_071200020708       0.000       0.000      -5.780       0.437      75.396      15.483            0.062            0.448          229.774            3.739           17.965           73.056           17.222           10.817            3.338
   365    12    31  2002      46       0  sub_071200020709       0.000       0.000      -1.593      -0.181      93.250      17.740            0.078            0.141           85.427            1.616            6.707           73.295           16.981            5.492            1.663
   365    12    31  2002      47       0  sub_071200020710       0.000       0.000      -4.049      -0.640      83.853      16.442            0.057            0.004          148.145            3.377           11.603           88.795            8.410           10.591            3.175
   365    12    31  2002      48       0  sub_071200020711       0.000       0.000      -2.700       1.557      74.259      13.803            0.151            0.054          364.880            6.432           28.456           92.671           17.087           10.632            3.026
   365    12    31  2002      49       0  sub_071200020801       0.000       0.000      -1.326      -1.312      80.977      14.423            0.157            0.000          324.923            5.689           25.365           68.456           14.140           10.851            3.468
   365    12    31  2002      50       0  sub_071200020802       0.000       0.000      -1.708      -0.532      76.846      15.330            0.095            0.000           63.734            1.376            5.017           67.494           12.970            5.430            1.702
   365    12    31  2002      51       0  sub_071200020803       0.000       0.000      -8.855      -1.861      65.894      13.140            0.075            0.003          107.507            1.910            8.448           50.427           16.476           10.849            3.534
   365    12    31  2002      52       0  sub_071200020804       0.000       0.000      -2.555      -2.660      76.081      15.454            0.003            0.000          125.501            3.300            9.837           97.011            9.726           10.642            3.248
   365    12    31  2002      53       0  sub_071200020805       0.000       0.000      -4.714      -2.289      68.924      12.527            0.032            0.000          337.635            6.720           26.383           81.407           12.476           10.769            3.305
   365    12    31  2002      54       0  sub_071200020806       0.000       0.000      -7.027      -0.773      73.606      15.151            0.143            0.238          193.938            2.834           15.183           70.453           19.161           10.535            3.316
   365    12    31  2002      55       0  sub_071200020807       0.000       0.000       1.136       2.329      60.802      13.627            0.072            1.199          203.751            3.997           15.943           54.728           14.216           10.552            3.272
   365    12    31  2002      56       0  sub_071200020808       0.000       0.000      -2.917       3.111      71.273      13.726            0.073            0.170          233.318            4.000           18.232           62.885           13.769           10.551            3.303
   365    12    31  2002      57       0  sub_071200020901       0.000       0.000      -2.589      -0.733      73.374      14.710            0.208            0.008           85.003            1.501            6.701           60.226           18.872            5.396            1.729
   365    12    31  2002      58       0  sub_071200020902       0.000       0.000      -4.999      -1.989      75.331      15.514            0.031            0.003          192.347            3.507           15.047           75.522           13.438           10.555            3.299
   365    12    31  2002      59       0  sub_071200021001       0.000       0.000      -3.972       1.777      70.178      13.246            0.148            0.284          420.348            6.759           32.800           58.952           19.051           10.828            3.339
   365    12    31  2002      60       0  sub_071200021002       0.000       0.000     -10.301      -1.208      74.217      14.520            0.165            0.250          104.447            2.193            8.204           62.499           13.085           10.488            3.063
   365    12    31  2002      61       0  sub_071200021101       0.000       0.000      -5.879      -2.741      81.986      16.133            0.201            0.203           98.054            1.812            7.706           57.470           15.297           11.134            3.357
   365    12    31  2002      62       0  sub_071200021102       0.000       0.000      -3.849      -0.149      84.785      16.512            0.118            0.336          120.977            2.160            9.487           58.090           16.118           10.806            3.347
   365    12    31  2002      63       0  sub_071200021201       0.000       0.000      -2.064       0.005      84.599      16.458            0.207            0.100           77.220            1.587            6.077           80.206           14.654            5.336            1.615
   365    12    31  2002      64       0  sub_071200021202       0.000       0.000      -4.143      -1.773      74.350      15.332            0.152            0.111           75.258            1.870            5.928           65.144           14.688           10.743            3.281
   365    12    31  2002      65       0  sub_071200021301       0.000       0.000      -1.894      -1.393      79.822      14.326            0.112            3.741          347.905            5.894           27.160           62.074           12.653           12.039            4.146
   365    12    31  2002      66       0  sub_071200021302       0.000       0.000      -6.228      -2.101      70.919      13.430            0.051            0.041          130.206            2.638           10.202           52.588           14.051           11.856            3.980
   365    12    31  2002      67       0  sub_071200021303       0.000       0.000      -3.072       2.255      72.307      12.029            0.178            0.444          110.223            1.972            8.650           45.605           13.918           11.849            3.820
   365    12    31  2002      68       0  sub_071200021304       0.000       0.000      -3.510      -2.524      52.381       6.710            0.027            0.174           91.396            1.848            7.207           36.127           11.365           11.627            3.350
   365    12    31  2002      69       0  sub_071200021305       0.000       0.000      -1.212      -0.830      71.595      15.027            0.074            0.024           64.453            1.530            5.070           61.010           12.186            5.718            1.547
   365    12    31  2002      70       0  sub_071200021306       0.000       0.000      -4.838      -1.909      71.075      11.107            0.160            0.760           77.246            1.413            6.084           39.843           12.384           11.712            3.151
   365    12    31  2002      71       0  sub_071200021307       0.000       0.000      -6.422      -1.604      88.926      16.728            0.143            1.726          115.186            1.744            9.028           49.527           12.346           11.289            3.345
   365    12    31  2002      72       0  sub_071200021308       0.000       0.000      -6.295      -2.123      78.110      14.570            0.138            0.072          338.028            6.491           26.388           71.844           11.420           11.100            3.110
   365    12    31  2002      73       0  sub_071200021401       0.000       0.000      -2.416       1.545      91.140      16.743            0.149            0.170          141.993            2.812           11.129           64.584           14.524           12.257            3.386
   365    12    31  2002      74       0  sub_071200021402       0.000       0.000      -5.801      -3.156      72.388      14.258            0.084            0.005          101.321            2.483            7.960           69.774           11.906           11.686            3.306
   365    12    31  2003       1       0  sub_071200020101       0.000       0.000      -0.131       0.550      65.594      10.189            0.157           10.315          179.257            2.827           14.001           72.108           13.820           13.036            4.542
   365    12    31  2003       2       0  sub_071200020102       0.000       0.000      -1.958      -1.166      93.314      15.543            0.210            4.992          180.124            3.254           14.028           42.738           10.283           12.385            5.054
   365    12    31  2003       3       0  sub_071200020103       0.000       0.000       1.207       5.024     112.376      18.075            0.137            0.455          184.554            3.593           14.381           62.480           13.149           11.876            5.144
   365    12    31  2003       4       0  sub_071200020201       0.000       0.000      -1.151       0.420      76.383      14.529            0.338            0.287           75.014            1.210            5.918           60.570           15.101            5.776            2.476
   365    12    31  2003       5       0  sub_071200020202       0.000       0.000      -5.936      -1.525     100.713      17.298            0.215            1.867          115.981            1.656            9.090           61.871           15.642           11.581            5.492
   365    12    31  2003       6       0  sub_071200020203       0.000       0.000      -0.985       0.580      82.311      15.952            0.354            1.221           66.538            1.159            5.231           52.164           15.845            5.856            2.516
   365    12    31  2003       7       0  sub_071200020204       0.000       0.000      -0.156       0.242      82.711      16.610            0.277            0.000           67.256            1.404            5.297           36.411           12.720            5.707            2.269
   365    12    31  2003       8       0  sub_071200020205       0.000       0.000      -2.378      -0.085      98.155      17.510            0.256            0.110          178.343            2.646           13.901           63.155           15.645           11.700            5.014
   365    12    31  2003       9       0  sub_071200020206       0.000       0.000      -0.393       3.619      80.003      14.306            0.338            0.558           98.278            1.557            7.708           40.054           13.238           11.836            5.326
   365    12    31  2003      10       0  sub_071200020301       0.000       0.000      10.295       7.491      89.559      15.439            0.241            0.597          907.352           10.481           70.120           49.449           14.009           11.897            4.697
   365    12    31  2003      11       0  sub_071200020302       0.000       0.000      -0.039       3.847      96.590      17.841            0.309            1.535          178.697            3.392           13.929           40.261           11.300           11.651            5.265
   365    12    31  2003      12       0  sub_071200020303       0.000       0.000      -0.378       2.234      97.071      15.483            0.162            0.537          138.333            2.335           10.782           61.401           12.647           12.047            5.022
   365    12    31  2003      13       0  sub_071200020304       0.000       0.000      -2.511      -0.521     103.421      18.611            0.237            0.833          148.795            2.362           11.616           49.315           13.763           11.536            5.384
   365    12    31  2003      14       0  sub_071200020305       0.000       0.000      -1.956       0.010      88.327      15.614            0.187            0.605          177.683            2.509           13.859           50.924           13.218           12.061            5.589
   365    12    31  2003      15       0  sub_071200020401       0.000       0.000      -3.183       0.042      93.714      15.950            0.282            3.862          200.610            2.925           15.624           62.166           15.041           11.863            4.598
   365    12    31  2003      16       0  sub_071200020402       0.000       0.000      -0.539      -0.834      86.241      16.493            0.349            0.067          336.045            4.813           26.096           56.527           14.101           11.761            4.745
   365    12    31  2003      17       0  sub_071200020403       0.000       0.000      -0.710      -0.125      89.987      17.545            0.350            0.004           56.892            1.273            4.499           38.826           13.283            5.675            2.311
   365    12    31  2003      18       0  sub_071200020404       0.000       0.000       1.884       3.757      95.591      18.272            0.284            0.225           57.521            1.109            4.539           48.089           13.586            5.651            2.277
   365    12    31  2003      19       0  sub_071200020405       0.000       0.000      -4.419      -0.643      87.810      16.641            0.263            0.032          152.742            2.651           11.923           38.171           11.104           11.424            4.618
   365    12    31  2003      20       0  sub_071200020501       0.000       0.000      -2.272      -1.261      94.888      17.393            0.210            0.001          101.286            2.184            7.915           35.789            9.785           11.491            4.210
   365    12    31  2003      21       0  sub_071200020502       0.000       0.000      -4.179      -0.574      94.595      17.395            0.294            0.001          152.307            2.409           11.909           58.892           18.074           11.285            4.177
   365    12    31  2003      22       0  sub_071200020503       0.000       0.000       2.653       4.652      85.805      15.583            0.258            0.000          107.391            2.536            8.417           52.020           12.693           11.077            4.164
   365    12    31  2003      23       0  sub_071200020504       0.000       0.000      -1.487      -0.045     100.529      18.821            0.282            0.059           66.028            1.256            5.212           55.185           16.957            5.641            2.213
   365    12    31  2003      24       0  sub_071200020505       0.000       0.000      -1.170       1.857      91.007      17.208            0.296            0.638           78.109            1.040            6.182           51.335           18.179            5.656            2.170
   365    12    31  2003      25       0  sub_071200020506       0.000       0.000      -0.452      -0.089      94.365      17.824            0.311            0.000           63.999            1.223            5.046           54.042           15.148            5.579            1.997
   365    12    31  2003      26       0  sub_071200020507       0.000       0.000      -6.578       0.953      77.283      14.739            0.341            0.190          138.357            2.287           10.827           50.491           17.201           11.060            3.449
   365    12    31  2003      27       0  sub_071200020508       0.000       0.000      -2.019       3.394      98.927      17.620            0.259            1.000          200.005            2.553           15.588           62.839           15.201           11.294            3.786
   365    12    31  2003      28       0  sub_071200020601       0.000       0.000      -2.566      -0.372      86.515      17.467            0.414            0.000           72.108            1.380            5.696           51.187           18.960            5.291            1.618
   365    12    31  2003      29       0  sub_071200020602       0.000       0.000      -0.685      -0.242      82.517      15.938            0.411            0.000           53.469            1.206            4.247           41.392           18.202            5.334            1.599
   365    12    31  2003      30       0  sub_071200020603       0.000       0.000       0.118       0.315      88.806      16.899            0.288            0.000           52.180            1.194            4.113           36.910            8.738            5.313            1.602
   365    12    31  2003      31       0  sub_071200020604       0.000       0.000      -3.703       1.527      82.142      16.722            0.352            0.148          121.862            1.657            9.538           54.274           18.374           10.866            3.600
   365    12    31  2003      32       0  sub_071200020605       0.000       0.000       1.390       1.677      99.329      18.861            0.302            0.000           60.194            1.281            4.740           50.550           15.368            5.303            1.573
   365    12    31  2003      33       0  sub_071200020606       0.000       0.000      -0.994      -0.458      89.349      17.980            0.366            0.000           78.724            1.408            6.189           45.960           16.372            5.363            1.649
   365    12    31  2003      34       0  sub_071200020607       0.000       0.000      -2.721       1.161      86.912      17.133            0.331            0.074          147.528            1.872           11.543           51.486           21.227           10.681            3.266
   365    12    31  2003      35       0  sub_071200020608       0.000       0.000      -2.412      -1.423      81.064      16.364            0.233            0.000           96.324            1.824            7.569           49.878           13.783           10.737            3.228
   365    12    31  2003      36       0  sub_071200020609       0.000       0.000      -6.005       0.667      91.051      17.657            0.316            0.368          176.019            2.669           13.734           55.945           19.230           10.866            3.371
   365    12    31  2003      37       0  sub_071200020610       0.000       0.000       0.682       4.736      86.254      16.481            0.336            0.003          231.952            3.107           18.039           52.322           16.353           10.674            3.298
   365    12    31  2003      38       0  sub_071200020701       0.000       0.000      -1.550      -0.205      89.911      17.736            0.382            0.030           70.811            1.350            5.577           50.215           16.788            5.597            1.951
   365    12    31  2003      39       0  sub_071200020702       0.000       0.000      -1.744      -0.449      88.657      16.805            0.322            0.014           68.938            1.401            5.418           49.563           17.170            5.546            1.899
   365    12    31  2003      40       0  sub_071200020703       0.000       0.000      -0.693       0.673     100.908      18.608            0.311            0.008           58.992            1.225            4.657           45.925           13.106            5.397            1.734
   365    12    31  2003      41       0  sub_071200020704       0.000       0.000      -1.143       1.302      97.859      18.178            0.300            0.537           88.229            1.194            6.956           55.704           19.273            5.514            1.907
   365    12    31  2003      42       0  sub_071200020705       0.000       0.000       0.762       3.777      93.375      17.745            0.290            6.801          309.150            4.100           24.025           66.872           17.825           11.057            3.923
   365    12    31  2003      43       0  sub_071200020706       0.000       0.000      -3.589      -1.144      90.341      17.398            0.367            0.000          132.672            2.147           10.419           47.577           18.466           10.798            3.405
   365    12    31  2003      44       0  sub_071200020707       0.000       0.000      -3.793       0.144      78.306      14.593            0.305            2.481          294.446            4.619           22.902           52.129           13.907           10.663            3.248
   365    12    31  2003      45       0  sub_071200020708       0.000       0.000       0.227       5.770      84.261      17.023            0.404            2.720          207.586            2.994           16.166           51.060           15.280           11.098            3.521
   365    12    31  2003      46       0  sub_071200020709       0.000       0.000      -0.727       0.397     109.283      19.887            0.276            0.019           74.960            1.473            5.889           55.679           15.536            5.526            1.661
   365    12    31  2003      47       0  sub_071200020710       0.000       0.000      -1.379      -0.691      86.658      17.239            0.088            0.000          154.040            2.833           12.008           30.427            7.937           10.801            3.274
   365    12    31  2003      48       0  sub_071200020711       0.000       0.000       0.418       2.299      99.914      16.708            0.197            0.028          419.740            5.368           32.574          120.517           22.328           11.149            3.402
   365    12    31  2003      49       0  sub_071200020801       0.000       0.000      -1.758      -0.835      87.125      15.694            0.358            0.000          320.265            4.552           24.869           47.908           14.018           10.869            3.361
   365    12    31  2003      50       0  sub_071200020802       0.000       0.000      -0.275       1.084      81.740      16.113            0.364            0.001           58.521            1.243            4.610           35.502           13.179            5.511            1.718
   365    12    31  2003      51       0  sub_071200020803       0.000       0.000      -3.456      -1.126      83.378      15.508            0.279            0.005           85.957            1.650            6.754           41.989           11.117           10.853            3.330
   365    12    31  2003      52       0  sub_071200020804       0.000       0.000      -1.368       2.190      85.622      17.012            0.353            0.003          149.756            2.822           11.693           38.267           13.413           10.956            3.321
   365    12    31  2003      53       0  sub_071200020805       0.000       0.000       0.602       4.577      79.957      14.304            0.304            0.169          376.168            5.314           29.237           79.277           18.235           10.946            3.327
   365    12    31  2003      54       0  sub_071200020806       0.000       0.000      -2.366       2.852      92.251      17.824            0.362            0.715          184.772            2.376           14.426           60.542           17.703           10.911            3.517
   365    12    31  2003      55       0  sub_071200020807       0.000       0.000       0.222       2.204      96.770      18.030            0.266            1.971          187.666            3.300           14.625           45.332            9.546           10.947            3.293
   365    12    31  2003      56       0  sub_071200020808       0.000       0.000      -0.563       3.760      88.523      15.943            0.292            0.442          253.575            3.281           19.727           52.410           18.047           11.081            3.468
   365    12    31  2003      57       0  sub_071200020901       0.000       0.000      -1.516       1.358      77.646      15.292            0.323            0.360           88.060            1.215            6.950           49.753           18.032            5.707            1.845
   365    12    31  2003      58       0  sub_071200020902       0.000       0.000      -3.341       0.782      87.583      17.318            0.320            0.344          228.279            2.851           17.781           57.359           20.019           11.351            3.747
   365    12    31  2003      59       0  sub_071200021001       0.000       0.000       3.817       4.838      94.494      16.184            0.218            0.576          474.692            5.372           36.840          104.053           20.966           11.206            3.565
   365    12    31  2003      60       0  sub_071200021002       0.000       0.000      -3.911       0.235     107.413      18.519            0.199            0.412          108.677            1.818            8.519           60.947           13.293           11.193            3.495
   365    12    31  2003      61       0  sub_071200021101       0.000       0.000      -4.226      -2.149     100.618      18.163            0.259            0.116           86.053            1.537            6.761           54.849           14.116           11.377            3.333
   365    12    31  2003      62       0  sub_071200021102       0.000       0.000      -2.779       0.094      99.129      18.170            0.272            0.312          107.253            1.928            8.406           54.668           12.791           10.974            3.308
   365    12    31  2003      63       0  sub_071200021201       0.000       0.000      -0.995       0.344      77.816      15.634            0.399            0.016           71.166            1.475            5.606           43.206           14.535            5.664            1.671
   365    12    31  2003      64       0  sub_071200021202       0.000       0.000      -3.859      -1.616      92.359      17.749            0.359            0.330           91.382            1.599            7.196           50.909           17.048           11.395            3.458
   365    12    31  2003      65       0  sub_071200021301       0.000       0.000      -1.107      -0.709     109.489      17.961            0.127            5.842          331.217            4.966           25.719           76.594           10.902           11.931            4.076
   365    12    31  2003      66       0  sub_071200021302       0.000       0.000      -4.691      -1.283     105.134      17.691            0.179            0.351          128.017            2.237           10.011           56.424           12.521           11.903            4.060
   365    12    31  2003      67       0  sub_071200021303       0.000       0.000      -1.939       1.997      84.929      13.653            0.202            0.426          103.701            1.665            8.122           63.528           13.210           11.933            3.871
   365    12    31  2003      68       0  sub_071200021304       0.000       0.000      -3.941      -2.032      52.273       6.636            0.063            3.096           95.715            1.548            7.549           53.808           12.981           11.934            3.525
   365    12    31  2003      69       0  sub_071200021305       0.000       0.000      -1.364      -0.371     103.387      18.459            0.221            0.181           70.498            1.335            5.542           59.308           15.706            5.992            1.725
   365    12    31  2003      70       0  sub_071200021306       0.000       0.000      -4.347      -1.682      96.913      13.989            0.041            1.071           67.507            1.192            5.317           55.282           11.713           12.046            3.254
   365    12    31  2003      71       0  sub_071200021307       0.000       0.000      -4.681      -1.229     108.277      18.737            0.150            1.608           82.558            1.528            6.458           48.934           10.115           11.600            3.286
   365    12    31  2003      72       0  sub_071200021308       0.000       0.000      -1.755       1.947      92.111      16.060            0.238            0.380          378.078            5.223           29.343           92.272           13.922           11.661            3.399
   365    12    31  2003      73       0  sub_071200021401       0.000       0.000      -4.383       1.798     101.486      17.976            0.287            0.279          128.859            2.356           10.075           49.751           13.866           12.688            3.352
   365    12    31  2003      74       0  sub_071200021402       0.000       0.000      -1.653       0.106      91.032      16.795            0.321            0.101          113.594            2.167            8.903           46.352           17.248           12.132            3.326
