 lrew                      SWAT+ Jun 17  2020    MODULAR Rev 2020.60.4                                    
       year     plant_no   plant_name       harv_area(ha)    yld(t)         yld(t/ha)      
        1972           1 pnut               3382.11328       12615.8125       3.73015666    
        1972           2 corn               3534.12231       50428.2578       14.2689619    
        1972           3 cots               7172.63818       0.00000000       0.00000000    
        1972           4 past               4879.62549       171376.641       35.1208611    
        1972           5 frse               0.00000000       0.00000000       0.00000000    
        1972           6 frsd               0.00000000       0.00000000       0.00000000    
        1972           7 wetf               0.00000000       0.00000000       0.00000000    
        1972           8 berm               1256.94141       30889.7500       24.5753307    
        1973           1 pnut               3561.12183       13082.9688       3.67383361    
        1973           2 corn               3382.11328       48778.4336       14.4224720    
        1973           3 cots               3611.52295       0.00000000       0.00000000    
        1973           4 past               4879.62549       296466.875       60.7560730    
        1973           5 frse               0.00000000       0.00000000       0.00000000    
        1973           6 frsd               0.00000000       0.00000000       0.00000000    
        1973           7 wetf               0.00000000       0.00000000       0.00000000    
        1973           8 berm               1256.94141       59278.8828       47.1612129    
        1974           1 pnut               3611.52295       13343.4609       3.69469094    
        1974           2 corn               3561.12183       51436.5781       14.4439259    
        1974           3 cots               6916.23389       0.00000000       0.00000000    
        1974           4 past               4879.62549       342413.438       70.1720734    
        1974           5 frse               0.00000000       0.00000000       0.00000000    
        1974           6 frsd               0.00000000       0.00000000       0.00000000    
        1974           7 wetf               0.00000000       0.00000000       0.00000000    
        1974           8 berm               1256.94141       59301.8867       47.1795158    
        1975           1 pnut               0.00000000       0.00000000       0.00000000    
        1975           2 corn               3611.52295       51466.2109       14.2505560    
        1975           3 cots               10477.2891       0.00000000       0.00000000    
        1975           4 past               4879.62549       358635.031       73.4964218    
        1975           5 frse               0.00000000       0.00000000       0.00000000    
        1975           6 frsd               0.00000000       0.00000000       0.00000000    
        1975           7 wetf               0.00000000       0.00000000       0.00000000    
        1975           8 berm               1256.94141       59562.4297       47.3867989    
        1976           1 pnut               6916.23389       25261.4551       3.65248704    
        1976           2 corn               0.00000000       0.00000000       0.00000000    
        1976           3 cots               7172.63818       0.00000000       0.00000000    
        1976           4 past               4879.62549       364531.312       74.7047729    
        1976           5 frse               0.00000000       0.00000000       0.00000000    
        1976           6 frsd               0.00000000       0.00000000       0.00000000    
        1976           7 wetf               0.00000000       0.00000000       0.00000000    
        1976           8 berm               1256.94141       59404.4961       47.2611504    
