 lrew                      SWAT+ Jun 17  2020    MODULAR Rev 2020.60.4                                    
   jday   mon   day    yr   unit  gis_id  name                    flo_in          aqu_in         flo_out           peakr         sed_in        sed_out         washld          bedld            dep        deg_btm       deg_bank         hc_sed          width          depth          slope        deg_btm       deg_bank         hc_len      flo_in_mm       aqu_in_mm      flo_out_mm 
                                                                   m^3/s           m^3/s           m^3/s           m^3/s           tons           tons           tons           tons           tons           tons           tons           tons              m              m            m/m              m              m              m             mm              mm              mm 
   366    12    31  1976       1       1  cha1                 0.3956E-02     0.3366E-03     0.4011E-02     0.1266E+00     0.1109E+01     0.3146E+02     0.5546E+00     0.0000E+00     0.8653E-02     0.9304E+01     0.7685E+01     0.1392E+02     0.3352E+01     0.3471E+00     0.1988E-02     0.6428E-03     0.4597E-02     0.2773E-01     0.7116E+02     0.6055E+01     0.7215E+02
   366    12    31  1976       2       2  cha2                 0.4890E-03     0.7000E-04     0.5108E-03     0.1565E-01     0.2566E-01     0.9845E+01     0.1283E-01     0.0000E+00     0.3394E-04     0.6160E+01     0.3395E+01     0.2768E+00     0.2752E+01     0.3078E+00     0.7986E-02     0.8620E-03     0.3794E-02     0.7415E-03     0.1511E+02     0.2163E+01     0.1578E+02
   366    12    31  1976       3       3  cha3                 0.7897E-02     0.7308E-03     0.8205E-02     0.2527E+00     0.3991E+01     0.5357E+03     0.1996E+01     0.0000E+00     0.1968E-02     0.4024E+03     0.9610E+02     0.3523E+02     0.4374E+01     0.4402E+00     0.3986E-02     0.5507E-02     0.1153E-01     0.4117E-01     0.6700E+02     0.6200E+01     0.6961E+02
   366    12    31  1976       4       4  cha4                 0.1101E-02     0.5015E-05     0.1133E-02     0.3524E-01     0.1422E+01     0.1427E+02     0.7108E+00     0.0000E+00     0.3337E-02     0.6628E+01     0.3290E+01     0.3644E+01     0.2611E+01     0.3032E+00     0.3975E-02     0.9710E-03     0.3732E-02     0.1072E-01     0.4015E+02     0.1829E+00     0.4132E+02
   366    12    31  1976       5       5  cha5                 0.1538E-02     0.1406E-03     0.1623E-02     0.4921E-01     0.1051E+01     0.7797E+02     0.5255E+00     0.0000E+00     0.6111E-03     0.5431E+02     0.1927E+02     0.3874E+01     0.3317E+01     0.3581E+00     0.5985E-02     0.2036E-02     0.6019E-02     0.7557E-02     0.2854E+02     0.2609E+01     0.3012E+02
   366    12    31  1976       6       6  cha6                 0.4395E-03     0.1993E-04     0.4805E-03     0.1406E-01     0.7365E+00     0.1056E+02     0.3682E+00     0.0000E+00     0.3274E-03     0.6340E+01     0.2361E+01     0.1496E+01     0.2745E+01     0.3078E+00     0.4991E-02     0.6263E-03     0.1857E-02     0.4069E-02     0.1345E+02     0.6099E+00     0.1471E+02
   366    12    31  1976       7       7  cha7                 0.1940E-02     0.1523E-03     0.1980E-02     0.6209E-01     0.1224E+01     0.4593E+02     0.6119E+00     0.0000E+00     0.7676E-03     0.2789E+02     0.1131E+02     0.6120E+01     0.2964E+01     0.3402E+00     0.4963E-02     0.2270E-02     0.7216E-02     0.1439E-01     0.5089E+02     0.3995E+01     0.5192E+02
   366    12    31  1976       8       8  cha8                 0.3967E-02     0.1927E-03     0.4056E-02     0.1270E+00     0.9099E+00     0.2237E+03     0.4550E+00     0.0000E+00     0.1439E-03     0.1631E+03     0.4280E+02     0.1740E+02     0.3140E+01     0.3737E+00     0.5964E-02     0.6544E-02     0.1271E-01     0.3309E-01     0.8952E+02     0.4349E+01     0.9151E+02
   366    12    31  1976       9       9  cha9                 0.5484E-02     0.2658E-03     0.5708E-02     0.1755E+00     0.2026E+01     0.3141E+03     0.1013E+01     0.0000E+00     0.4193E-02     0.2300E+03     0.6895E+02     0.1411E+02     0.4341E+01     0.4268E+00     0.3988E-02     0.3677E-02     0.1000E-01     0.1724E-01     0.4754E+02     0.2304E+01     0.4948E+02
   366    12    31  1976      10      10  cha10                0.6518E-03     0.1860E-04     0.6760E-03     0.2086E-01     0.2693E+00     0.9749E+01     0.1346E+00     0.0000E+00     0.1680E-02     0.5530E+01     0.2660E+01     0.1425E+01     0.2553E+01     0.2937E+00     0.4991E-02     0.7626E-03     0.2845E-02     0.4278E-02     0.2456E+02     0.7007E+00     0.2547E+02
   366    12    31  1976      11      11  cha11                0.1696E-02     0.1653E-03     0.1811E-02     0.5427E-01     0.3682E+00     0.3701E+02     0.1841E+00     0.0000E+00     0.1884E-02     0.2153E+02     0.1029E+02     0.5005E+01     0.3315E+01     0.3437E+00     0.2997E-02     0.7008E-03     0.2887E-02     0.1002E-01     0.3057E+02     0.2979E+01     0.3265E+02
   366    12    31  1976      12      12  cha12                0.1820E-02     0.7468E-04     0.1890E-02     0.5823E-01     0.1553E+01     0.1123E+03     0.7764E+00     0.0000E+00     0.2139E-03     0.8152E+02     0.2338E+02     0.6583E+01     0.3311E+01     0.3713E+00     0.6968E-02     0.3807E-02     0.8739E-02     0.1239E-01     0.3458E+02     0.1419E+01     0.3592E+02
   366    12    31  1976      13      13  cha13                0.2554E-02     0.4828E-04     0.2578E-02     0.8174E-01     0.7083E+00     0.4727E+02     0.3542E+00     0.0000E+00     0.4092E-02     0.2749E+02     0.8315E+01     0.1111E+02     0.2600E+01     0.3158E+00     0.4947E-02     0.3806E-02     0.8407E-02     0.2987E-01     0.9613E+02     0.1817E+01     0.9703E+02
   366    12    31  1976      14      14  cha14                0.4576E-02     0.6166E-03     0.5011E-02     0.1464E+00     0.3227E+01     0.3367E+02     0.1614E+01     0.0000E+00     0.2506E-01     0.0000E+00     0.1550E+02     0.1655E+02     0.4656E+01     0.4170E+00     0.1000E-02     0.0000E+00     0.1551E-02     0.1944E-01     0.3086E+02     0.4158E+01     0.3379E+02
   366    12    31  1976      15      15  cha15                0.2494E-02     0.2451E-04     0.2516E-02     0.7982E-01     0.1966E+01     0.2377E+02     0.9832E+00     0.0000E+00     0.5929E-02     0.1007E+02     0.4729E+01     0.7990E+01     0.2760E+01     0.3148E+00     0.3955E-02     0.2029E-02     0.7441E-02     0.2073E-01     0.7832E+02     0.7696E+00     0.7900E+02
   366    12    31  1976      16      16  cha16                0.1617E-02     0.7755E-04     0.1713E-02     0.5175E-01     0.7176E+00     0.1037E+03     0.3588E+00     0.0000E+00     0.6047E-03     0.7756E+02     0.2058E+02     0.5242E+01     0.3483E+01     0.3912E+00     0.6966E-02     0.2990E-02     0.6472E-02     0.9530E-02     0.2667E+02     0.1279E+01     0.2825E+02
   366    12    31  1976      17      17  cha17                0.2303E-02     0.9022E-04     0.2344E-02     0.7369E-01     0.8908E+00     0.1479E+03     0.4454E+00     0.0000E+00     0.5340E-04     0.1050E+03     0.3176E+02     0.1067E+02     0.2802E+01     0.3968E+00     0.9875E-02     0.8588E-02     0.1671E-01     0.2393E-01     0.7919E+02     0.3102E+01     0.8060E+02
   366    12    31  1976      18      18  cha18                0.4591E-03     0.2980E-04     0.5013E-03     0.1469E-01     0.1010E+00     0.8431E+01     0.5050E-01     0.0000E+00     0.5205E-03     0.4754E+01     0.2554E+01     0.1072E+01     0.2839E+01     0.3111E+00     0.4996E-02     0.3803E-03     0.1667E-02     0.2773E-02     0.1271E+02     0.8248E+00     0.1388E+02
   366    12    31  1976      19      19  cha19                0.1855E-02     0.2044E-04     0.1873E-02     0.5935E-01     0.1091E+01     0.5732E+02     0.5453E+00     0.0000E+00     0.6088E-03     0.3844E+02     0.1174E+02     0.6605E+01     0.2538E+01     0.3391E+00     0.1083E-01     0.7778E-02     0.1604E-01     0.1645E-01     0.8174E+02     0.9008E+00     0.8255E+02
   366    12    31  1976      20      20  cha20                0.2765E-02     0.1905E-03     0.2849E-02     0.8846E-01     0.2650E+01     0.1288E+03     0.1325E+01     0.0000E+00     0.5788E-03     0.8774E+02     0.3280E+02     0.6932E+01     0.3539E+01     0.3768E+00     0.4982E-02     0.2867E-02     0.8999E-02     0.1213E-01     0.4332E+02     0.2985E+01     0.4464E+02
   366    12    31  1976      21      21  cha21                0.2499E-02     0.9986E-04     0.2656E-02     0.7998E-01     0.2103E+01     0.1641E+03     0.1052E+01     0.0000E+00     0.4856E-03     0.1218E+03     0.3198E+02     0.9274E+01     0.3652E+01     0.3854E+00     0.4987E-02     0.2834E-02     0.6326E-02     0.1528E-01     0.3502E+02     0.1399E+01     0.3721E+02
   366    12    31  1976      22      22  cha22                0.1821E-04     0.4935E-05     0.1957E-04     0.5826E-03     0.1849E-02     0.9246E-03     0.9246E-03     0.0000E+00     0.9246E-03     0.0000E+00     0.0000E+00     0.0000E+00     0.2371E+01     0.2770E+00     0.1000E-02     0.0000E+00     0.0000E+00     0.0000E+00     0.8307E+00     0.2252E+00     0.8928E+00
   366    12    31  1976      23      23  cha23                0.1546E-02     0.1502E-03     0.1613E-02     0.4947E-01     0.5497E+00     0.6192E+02     0.2748E+00     0.0000E+00     0.4350E-03     0.4330E+02     0.1325E+02     0.5101E+01     0.3236E+01     0.3559E+00     0.5976E-02     0.2323E-02     0.5770E-02     0.1038E-01     0.3069E+02     0.2982E+01     0.3203E+02
   366    12    31  1976      24      24  cha24                0.1150E-02     0.1712E-04     0.1158E-02     0.3681E-01     0.2670E+00     0.3941E+01     0.1335E+00     0.0000E+00     0.1520E-01     0.0000E+00     0.1996E+00     0.3608E+01     0.2610E+01     0.2930E+00     0.1000E-02     0.0000E+00     0.5856E-03     0.1078E-01     0.4022E+02     0.5985E+00     0.4049E+02
   366    12    31  1976      25      25  cha25                0.3986E-02     0.9855E-05     0.3993E-02     0.1275E+00     0.8152E+00     0.2314E+02     0.4076E+00     0.0000E+00     0.1780E-02     0.4645E+01     0.2466E+01     0.1562E+02     0.2782E+01     0.3175E+00     0.2897E-02     0.1906E-02     0.7880E-02     0.4021E-01     0.1235E+03     0.3053E+00     0.1237E+03
   366    12    31  1976      26      26  cha26                0.8225E-02     0.4907E-03     0.8436E-02     0.2632E+00     0.3064E+01     0.3849E+03     0.1532E+01     0.0000E+00     0.3405E-02     0.2711E+03     0.7894E+02     0.3333E+02     0.4540E+01     0.4426E+00     0.2988E-02     0.3636E-02     0.9803E-02     0.3839E-01     0.6316E+02     0.3768E+01     0.6478E+02
   366    12    31  1976      27      27  cha27                0.8725E-03     0.6365E-04     0.9491E-03     0.2792E-01     0.1563E+00     0.4706E+02     0.7813E-01     0.0000E+00     0.2895E-03     0.3366E+02     0.9903E+01     0.3414E+01     0.2848E+01     0.3232E+00     0.6986E-02     0.1899E-02     0.4404E-02     0.8484E-02     0.2464E+02     0.1797E+01     0.2680E+02
   366    12    31  1976      28      28  cha28                0.1610E-02     0.2414E-04     0.1668E-02     0.5154E-01     0.2034E+01     0.4537E+02     0.1017E+01     0.0000E+00     0.8161E-03     0.2958E+02     0.9194E+01     0.5578E+01     0.3040E+01     0.3464E+00     0.4964E-02     0.2274E-02     0.5626E-02     0.1257E-01     0.3870E+02     0.5803E+00     0.4010E+02
   366    12    31  1976      29      29  cha29                0.1401E-02     0.7575E-05     0.1422E-02     0.4484E-01     0.1541E+01     0.3453E+02     0.7705E+00     0.0000E+00     0.4198E-03     0.2204E+02     0.6315E+01     0.5410E+01     0.2708E+01     0.3541E+00     0.8797E-02     0.4940E-02     0.1003E-01     0.1389E-01     0.5010E+02     0.2708E+00     0.5084E+02
   366    12    31  1976      30      30  cha30                0.8111E-03     0.1391E-04     0.8438E-03     0.2595E-01     0.8548E+00     0.9977E+01     0.4274E+00     0.0000E+00     0.2488E-02     0.4704E+01     0.2531E+01     0.2315E+01     0.2725E+01     0.3031E+00     0.3994E-02     0.6383E-03     0.2759E-02     0.6348E-02     0.2540E+02     0.4357E+00     0.2642E+02
   366    12    31  1976      31      31  cha31                0.3059E-02     0.7656E-03     0.3136E-02     0.9790E-01     0.7010E+00     0.2925E+02     0.3505E+00     0.0000E+00     0.1171E-01     0.1076E+02     0.8194E+01     0.9938E+01     0.3213E+01     0.3351E+00     0.1998E-02     0.4505E-03     0.2941E-02     0.2103E-01     0.6009E+02     0.1504E+02     0.6159E+02
   366    12    31  1976      32      32  cha32                0.1907E-01     0.1987E-03     0.1922E-01     0.6102E+00     0.3410E+03     0.8430E+03     0.1705E+03     0.0000E+00     0.2008E+01     0.5149E+03     0.1182E+03     0.3938E+02     0.7140E+01     0.6476E+00     0.3915E-02     0.9583E-02     0.2221E-01     0.2093E-01     0.4204E+02     0.4380E+00     0.4238E+02
   366    12    31  1976      33      33  cha33                0.7746E-02     0.6548E-03     0.7903E-02     0.2479E+00     0.3771E+01     0.4891E+03     0.1885E+01     0.0000E+00     0.1924E-02     0.3444E+03     0.1181E+03     0.2473E+02     0.4567E+01     0.4583E+00     0.3981E-02     0.4864E-02     0.1501E-01     0.2779E-01     0.6075E+02     0.5135E+01     0.6198E+02
   366    12    31  1976      34      34  cha34                0.7335E-03     0.4145E-05     0.7395E-03     0.2347E-01     0.1048E+01     0.1780E+01     0.5241E+00     0.0000E+00     0.3784E+00     0.0000E+00     0.8770E-01     0.1168E+01     0.2476E+01     0.2840E+00     0.1000E-02     0.0000E+00     0.3881E-03     0.3792E-02     0.2968E+02     0.1677E+00     0.2992E+02
   366    12    31  1976      35      35  cha35                0.5354E-02     0.2974E-03     0.5384E-02     0.1713E+00     0.1900E+01     0.1617E+03     0.9500E+00     0.0000E+00     0.3597E-03     0.1038E+03     0.3161E+02     0.2533E+02     0.3136E+01     0.4041E+00     0.5882E-02     0.8332E-02     0.1754E-01     0.4710E-01     0.1289E+03     0.7157E+01     0.1296E+03
   366    12    31  1976      36      36  cha36                0.1764E-02     0.2110E-05     0.1767E-02     0.5644E-01     0.1380E+01     0.1123E+02     0.6900E+00     0.0000E+00     0.2353E-01     0.3050E+01     0.1270E+01     0.6220E+01     0.2276E+01     0.2827E+00     0.4843E-02     0.2427E-02     0.7253E-02     0.2137E-01     0.9657E+02     0.1155E+00     0.9675E+02
   366    12    31  1976      37      37  cha37                0.1938E-02     0.1064E-03     0.2046E-02     0.6202E-01     0.2002E+01     0.4650E+02     0.1001E+01     0.0000E+00     0.1605E-02     0.2535E+02     0.1360E+02     0.6548E+01     0.2993E+01     0.3267E+00     0.2994E-02     0.8926E-03     0.3927E-02     0.1545E-01     0.4756E+02     0.2610E+01     0.5021E+02
   366    12    31  1976      38      38  cha38                0.8820E-03     0.7665E-04     0.9173E-03     0.2822E-01     0.1659E+00     0.2906E+02     0.8297E-01     0.0000E+00     0.1172E-04     0.1996E+02     0.7020E+01     0.2000E+01     0.2726E+01     0.3116E+00     0.6982E-02     0.1884E-02     0.5137E-02     0.5260E-02     0.2807E+02     0.2440E+01     0.2919E+02
   366    12    31  1976      39      39  cha39                0.2625E-02     0.1656E-04     0.2650E-02     0.8402E-01     0.1675E+01     0.3436E+02     0.8373E+00     0.0000E+00     0.2856E-02     0.1742E+02     0.7055E+01     0.9051E+01     0.2631E+01     0.3146E+00     0.4933E-02     0.3296E-02     0.9867E-02     0.2442E-01     0.9664E+02     0.6094E+00     0.9752E+02
   366    12    31  1976      40      40  cha40                0.2080E-01     0.1811E-03     0.2085E-01     0.6657E+00     0.8973E+03     0.6061E+03     0.4487E+03     0.0000E+00     0.2913E+03     0.9514E+02     0.2477E+02     0.3754E+02     0.7344E+01     0.6134E+00     0.2815E-02     0.6078E-02     0.1718E-01     0.1984E-01     0.4122E+02     0.3589E+00     0.4131E+02
   366    12    31  1976      41      41  cha41                0.6268E-03     0.2611E-04     0.6621E-03     0.2006E-01     0.8053E+00     0.8182E+01     0.4026E+00     0.0000E+00     0.1198E-02     0.3285E+01     0.4018E+01     0.4757E+00     0.2621E+01     0.2954E+00     0.4996E-02     0.3375E-03     0.3277E-02     0.1392E-02     0.2210E+02     0.9205E+00     0.2334E+02
   366    12    31  1976      42      42  cha42                0.1004E-02     0.6115E-04     0.1016E-02     0.3211E-01     0.2791E+00     0.1786E+02     0.1395E+00     0.0000E+00     0.1280E-03     0.1118E+02     0.3053E+01     0.3487E+01     0.2906E+01     0.3263E+00     0.6948E-02     0.2356E-02     0.5071E-02     0.8200E-02     0.2656E+02     0.1618E+01     0.2688E+02
   366    12    31  1976      43      43  cha43                0.2527E-02     0.3202E-04     0.2551E-02     0.8088E-01     0.1345E+01     0.3465E+02     0.6727E+00     0.0000E+00     0.3638E-02     0.1714E+02     0.8170E+01     0.8662E+01     0.2563E+01     0.3110E+00     0.3955E-02     0.2212E-02     0.7724E-02     0.2538E-01     0.1005E+03     0.1273E+01     0.1015E+03
   366    12    31  1976      44      44  cha44                0.1883E-02     0.4496E-04     0.1907E-02     0.6025E-01     0.2521E+01     0.4881E+02     0.1260E+01     0.0000E+00     0.1099E-02     0.3211E+02     0.9027E+01     0.6414E+01     0.2880E+01     0.3410E+00     0.5942E-02     0.3575E-02     0.7577E-02     0.1516E-01     0.5286E+02     0.1262E+01     0.5354E+02
   366    12    31  1976      45      45  cha45                0.2239E-02     0.1011E-03     0.2311E-02     0.7164E-01     0.1412E+01     0.1091E+03     0.7062E+00     0.0000E+00     0.2463E-02     0.7712E+02     0.2303E+02     0.8252E+01     0.3196E+01     0.3553E+00     0.5977E-02     0.3711E-02     0.8874E-02     0.1603E-01     0.4655E+02     0.2103E+01     0.4807E+02
   366    12    31  1976      46      46  cha46                0.2318E-02     0.1985E-03     0.2384E-02     0.7417E-01     0.1173E+01     0.1185E+03     0.5864E+00     0.0000E+00     0.2090E-03     0.8577E+02     0.2180E+02     0.1031E+02     0.3096E+01     0.3511E+00     0.5976E-02     0.4214E-02     0.8305E-02     0.2105E-01     0.5230E+02     0.4478E+01     0.5379E+02
   366    12    31  1976      47      47  cha47                0.1282E-02     0.1503E-04     0.1298E-02     0.4102E-01     0.1204E+01     0.2264E+02     0.6022E+00     0.0000E+00     0.1039E-02     0.1332E+02     0.3689E+01     0.5026E+01     0.2544E+01     0.3099E+00     0.6917E-02     0.3314E-02     0.6737E-02     0.1414E-01     0.5087E+02     0.5965E+00     0.5152E+02
   366    12    31  1976      48      48  cha48                0.2299E-01     0.4133E-03     0.2324E-01     0.7357E+00     0.6073E+03     0.7127E+03     0.3037E+03     0.0000E+00     0.2306E+02     0.2716E+03     0.9319E+02     0.4428E+02     0.7578E+01     0.5922E+00     0.1981E-02     0.3291E-02     0.1302E-01     0.2296E-01     0.4082E+02     0.7338E+00     0.4127E+02
   366    12    31  1976      49      49  cha49                0.8474E-02     0.1026E-02     0.8716E-02     0.2712E+00     0.3202E+02     0.4668E+03     0.1601E+02     0.0000E+00     0.2857E-02     0.3102E+03     0.1152E+03     0.2541E+02     0.4884E+01     0.4651E+00     0.2988E-02     0.3146E-02     0.1118E-01     0.2703E-01     0.5416E+02     0.6556E+01     0.5571E+02
   366    12    31  1976      50      50  cha50                0.4246E-03     0.1146E-04     0.4606E-03     0.1359E-01     0.9681E-01     0.1078E+02     0.4841E-01     0.0000E+00     0.3081E-04     0.7103E+01     0.2541E+01     0.1085E+01     0.2705E+01     0.3044E+00     0.5992E-02     0.6808E-03     0.1936E-02     0.3007E-02     0.1354E+02     0.3653E+00     0.1468E+02
   366    12    31  1976      51      51  cha51                0.1377E-02     0.5299E-04     0.1435E-02     0.4406E-01     0.1050E+01     0.3684E+02     0.5248E+00     0.0000E+00     0.2163E-02     0.2239E+02     0.9385E+01     0.4536E+01     0.2852E+01     0.3199E+00     0.4986E-02     0.1569E-02     0.5232E-02     0.1132E-01     0.3897E+02     0.1500E+01     0.4063E+02
   366    12    31  1976      52      52  cha52                0.5584E-02     0.1125E-03     0.5640E-02     0.1787E+00     0.2807E+01     0.1732E+03     0.1404E+01     0.0000E+00     0.1717E-02     0.1138E+03     0.3191E+02     0.2608E+02     0.3238E+01     0.3760E+00     0.4949E-02     0.6737E-02     0.1438E-01     0.4667E-01     0.1159E+03     0.2333E+01     0.1170E+03
   366    12    31  1976      53      53  cha53                0.3352E-02     0.1548E-03     0.3587E-02     0.1073E+00     0.1989E+01     0.2845E+03     0.9947E+00     0.0000E+00     0.5223E-03     0.2132E+03     0.5854E+02     0.1179E+02     0.3785E+01     0.3894E+00     0.4991E-02     0.3687E-02     0.8685E-02     0.1777E-01     0.4240E+02     0.1959E+01     0.4537E+02
   366    12    31  1976      54      54  cha54                0.1281E-02     0.2005E-04     0.1291E-02     0.4099E-01     0.1112E+01     0.3956E+01     0.5562E+00     0.0000E+00     0.2433E+00     0.0000E+00     0.2369E+00     0.3162E+01     0.2403E+01     0.2790E+00     0.1000E-02     0.0000E+00     0.6866E-03     0.1076E-01     0.5660E+02     0.8861E+00     0.5702E+02
   366    12    31  1976      55      55  cha55                0.1838E-02     0.8789E-04     0.1909E-02     0.5881E-01     0.1224E+01     0.5756E+02     0.6122E+00     0.0000E+00     0.1503E-02     0.3583E+02     0.1580E+02     0.5326E+01     0.3060E+01     0.3427E+00     0.4978E-02     0.1926E-02     0.6808E-02     0.1203E-01     0.4378E+02     0.2094E+01     0.4547E+02
   366    12    31  1976      56      56  cha56                0.5217E+00     0.1029E-03     0.5223E+00     0.1670E+02     0.2949E+04     0.2309E+04     0.1474E+04     0.0000E+00     0.6987E+03     0.0000E+00     0.6079E+03     0.2267E+03     0.2077E+02     0.1017E+01     0.1000E-02     0.0000E+00     0.5118E-01     0.2423E-01     0.5326E+02     0.1050E-01     0.5331E+02
   366    12    31  1976      57      57  cha57                0.7741E-02     0.1625E-03     0.7826E-02     0.2477E+00     0.2281E+03     0.4255E+03     0.1141E+03     0.0000E+00     0.1424E+02     0.2158E+03     0.6019E+02     0.3553E+02     0.3886E+01     0.4468E+00     0.4929E-02     0.8732E-02     0.1899E-01     0.4726E-01     0.9903E+02     0.2079E+01     0.1001E+03
   366    12    31  1976      58      58  cha58                0.3917E-02     0.8392E-04     0.3982E-02     0.1253E+00     0.2314E+01     0.2478E+03     0.1157E+01     0.0000E+00     0.1096E-02     0.1835E+03     0.4869E+02     0.1447E+02     0.3500E+01     0.4100E+00     0.7937E-02     0.8745E-02     0.1777E-01     0.2152E-01     0.6715E+02     0.1439E+01     0.6826E+02
   366    12    31  1976      59      59  cha59                0.3066E-02     0.1543E-03     0.3130E-02     0.9812E-01     0.1446E+01     0.1073E+03     0.7228E+00     0.0000E+00     0.1550E-02     0.7390E+02     0.1933E+02     0.1332E+02     0.3120E+01     0.3552E+00     0.4970E-02     0.4037E-02     0.8211E-02     0.2719E-01     0.6809E+02     0.3427E+01     0.6951E+02
   366    12    31  1976      60      60  cha60                0.5745E-02     0.3720E-03     0.5998E-02     0.1838E+00     0.3303E+01     0.2280E+03     0.1652E+01     0.0000E+00     0.7916E-02     0.1561E+03     0.4711E+02     0.2306E+02     0.4340E+01     0.4273E+00     0.2987E-02     0.2611E-02     0.7245E-02     0.2945E-01     0.4988E+02     0.3229E+01     0.5207E+02
   366    12    31  1976      61      61  cha61                0.1974E-02     0.9390E-05     0.2003E-02     0.6318E-01     0.1150E+01     0.1954E+02     0.5750E+00     0.0000E+00     0.6925E-02     0.6982E+01     0.3479E+01     0.8505E+01     0.2908E+01     0.3236E+00     0.2970E-02     0.1049E-02     0.4214E-02     0.2097E-01     0.5289E+02     0.2515E+00     0.5365E+02
   366    12    31  1976      62      62  cha62                0.4300E-03     0.3843E-04     0.4570E-03     0.1376E-01     0.2969E+00     0.8575E+01     0.1485E+00     0.0000E+00     0.6372E-03     0.4793E+01     0.2215E+01     0.1418E+01     0.2460E+01     0.2899E+00     0.5985E-02     0.6934E-03     0.2426E-02     0.4593E-02     0.1817E+02     0.1624E+01     0.1932E+02
   366    12    31  1976      63      63  cha63                0.1348E-02     0.6478E-04     0.1377E-02     0.4313E-01     0.9736E+00     0.2052E+02     0.4868E+00     0.0000E+00     0.3844E-02     0.1089E+02     0.4638E+01     0.4508E+01     0.2684E+01     0.3087E+00     0.3981E-02     0.1213E-02     0.4000E-02     0.1255E-01     0.4481E+02     0.2154E+01     0.4577E+02
   366    12    31  1976      64      64  cha64                0.5278E+00     0.3901E-04     0.5278E+00     0.1689E+02     0.2967E+04     0.1783E+04     0.1483E+04     0.0000E+00     0.1184E+04     0.0000E+00     0.6987E+02     0.2295E+03     0.2087E+02     0.1020E+01     0.1000E-02     0.0000E+00     0.5157E-01     0.2434E-01     0.5320E+02     0.3932E-02     0.5320E+02
   366    12    31  1976      65      65  cha65                0.2195E-01     0.8564E-03     0.2218E-01     0.7023E+00     0.7042E+03     0.7984E+03     0.3521E+03     0.0000E+00     0.8331E+02     0.2782E+03     0.9287E+02     0.7519E+02     0.5920E+01     0.5113E+00     0.1984E-02     0.4092E-02     0.1409E-01     0.5645E-01     0.7881E+02     0.3075E+01     0.7966E+02
   366    12    31  1976      66      66  cha66                0.2044E-02     0.1218E-03     0.2085E-02     0.6542E-01     0.3377E+00     0.4413E+02     0.1688E+00     0.0000E+00     0.5800E-03     0.2661E+02     0.1122E+02     0.6135E+01     0.2867E+01     0.3294E+00     0.4967E-02     0.2381E-02     0.7853E-02     0.1491E-01     0.5891E+02     0.3511E+01     0.6008E+02
   366    12    31  1976      67      67  cha67                0.3845E-02     0.1291E-03     0.3919E-02     0.1230E+00     0.2678E+01     0.1633E+03     0.1339E+01     0.0000E+00     0.1336E-02     0.1174E+03     0.2865E+02     0.1593E+02     0.3523E+01     0.3933E+00     0.5957E-02     0.5707E-02     0.1100E-01     0.2582E-01     0.6116E+02     0.2053E+01     0.6233E+02
   366    12    31  1976      68      68  cha68                0.2392E-02     0.7307E-04     0.2462E-02     0.7653E-01     0.1874E+01     0.6041E+02     0.9369E+00     0.0000E+00     0.3220E-02     0.3685E+02     0.1504E+02     0.7575E+01     0.3158E+01     0.3441E+00     0.3985E-02     0.1796E-02     0.6039E-02     0.1606E-01     0.5097E+02     0.1557E+01     0.5247E+02
   366    12    31  1976      69      69  cha69                0.3499E-02     0.1678E-03     0.3581E-02     0.1120E+00     0.2546E+01     0.9189E+02     0.1273E+01     0.0000E+00     0.2452E-02     0.5759E+02     0.1800E+02     0.1502E+02     0.3604E+01     0.3734E+00     0.3981E-02     0.2818E-02     0.7526E-02     0.2502E-01     0.5062E+02     0.2428E+01     0.5181E+02
   366    12    31  1976      70      70  cha70                0.2439E-02     0.2438E-03     0.2516E-02     0.7806E-01     0.1337E+01     0.8728E+02     0.6683E+00     0.0000E+00     0.2276E-04     0.6109E+02     0.1802E+02     0.7503E+01     0.3474E+01     0.3643E+00     0.4985E-02     0.2764E-02     0.6861E-02     0.1311E-01     0.3899E+02     0.3898E+01     0.4022E+02
   366    12    31  1976      71      71  cha71                0.1151E-02     0.7631E-05     0.1163E-02     0.3685E-01     0.9384E+00     0.1667E+02     0.4692E+00     0.0000E+00     0.7906E-03     0.9059E+01     0.3435E+01     0.3709E+01     0.2547E+01     0.3166E+00     0.6870E-02     0.2626E-02     0.7227E-02     0.1101E-01     0.4708E+02     0.3120E+00     0.4756E+02
   366    12    31  1976      72      72  cha72                0.5513E+00     0.5465E-04     0.5514E+00     0.1764E+02     0.2496E+04     0.1629E+04     0.1248E+04     0.0000E+00     0.8664E+03     0.0000E+00     0.1427E+03     0.2387E+03     0.2129E+02     0.1032E+01     0.1000E-02     0.0000E+00     0.5291E-01     0.2452E-01     0.5255E+02     0.5208E-02     0.5256E+02
   366    12    31  1976      73      73  cha73                0.2178E-02     0.7503E-04     0.2253E-02     0.6970E-01     0.2270E+01     0.1289E+03     0.1135E+01     0.0000E+00     0.4729E-03     0.9140E+02     0.2944E+02     0.6971E+01     0.2956E+01     0.3640E+00     0.6950E-02     0.5085E-02     0.1213E-01     0.1527E-01     0.6043E+02     0.2082E+01     0.6249E+02
   366    12    31  1976      74      74  cha74                0.2902E-02     0.5632E-05     0.2904E-02     0.9286E-01     0.1150E+01     0.2109E+02     0.5751E+00     0.0000E+00     0.1220E-02     0.6326E+01     0.1809E+01     0.1238E+02     0.2613E+01     0.3718E+00     0.7460E-02     0.7859E-02     0.1425E-01     0.3120E-01     0.1181E+03     0.2292E+00     0.1182E+03
   366    12    31  1976      75      75  cha75                0.2676E-02     0.1288E-03     0.2804E-02     0.8562E-01     0.2488E+01     0.1237E+03     0.1244E+01     0.0000E+00     0.1189E-02     0.8602E+02     0.2735E+02     0.9113E+01     0.3593E+01     0.3888E+00     0.4974E-02     0.3028E-02     0.8097E-02     0.1559E-01     0.4059E+02     0.1953E+01     0.4253E+02
   366    12    31  1976      76      76  cha76                0.5268E-03     0.1389E-05     0.5284E-03     0.1686E-01     0.5321E+00     0.2114E+01     0.2660E+00     0.0000E+00     0.7070E-01     0.1599E+00     0.1342E+00     0.1553E+01     0.2494E+01     0.2873E+00     0.2959E-02     0.2057E-03     0.1340E-02     0.4971E-02     0.2112E+02     0.5567E-01     0.2119E+02
   366    12    31  1976      77      77  cha77                0.2368E-02     0.3955E-04     0.2396E-02     0.7579E-01     0.1418E+01     0.2850E+02     0.7090E+00     0.0000E+00     0.7430E-02     0.1298E+02     0.9469E+01     0.5346E+01     0.3003E+01     0.3242E+00     0.3987E-02     0.1291E-02     0.7804E-02     0.1227E-01     0.5824E+02     0.9725E+00     0.5892E+02
   366    12    31  1976      78      78  cha78                0.9755E-03     0.3139E-04     0.9955E-03     0.3122E-01     0.6533E+00     0.2125E+02     0.3267E+00     0.0000E+00     0.6521E-03     0.1307E+02     0.4844E+01     0.3003E+01     0.2813E+01     0.3291E+00     0.6940E-02     0.1983E-02     0.5661E-02     0.7721E-02     0.2937E+02     0.9449E+00     0.2997E+02
   366    12    31  1976      79      79  cha79                0.5527E+00     0.2563E-04     0.5528E+00     0.1769E+02     0.1633E+04     0.1109E+04     0.8166E+03     0.0000E+00     0.5248E+03     0.0000E+00     0.5264E+02     0.2392E+03     0.2131E+02     0.1033E+01     0.1000E-02     0.0000E+00     0.5302E-01     0.2453E-01     0.5252E+02     0.2436E-02     0.5253E+02
   366    12    31  1976      80      80  cha80                0.4926E-03     0.2688E-04     0.5326E-03     0.1576E-01     0.2449E+00     0.1718E+02     0.1225E+00     0.0000E+00     0.1285E-03     0.1174E+02     0.4045E+01     0.1271E+01     0.2894E+01     0.3184E+00     0.6992E-02     0.9199E-03     0.2570E-02     0.3134E-02     0.1297E+02     0.7075E+00     0.1402E+02
   366    12    31  1976      81      81  cha81                0.3031E-02     0.6124E-05     0.3032E-02     0.9698E-01     0.2861E+01     0.9009E+01     0.1430E+01     0.0000E+00     0.4268E+00     0.0000E+00     0.1242E+00     0.7454E+01     0.2456E+01     0.2820E+00     0.1000E-02     0.0000E+00     0.1599E-02     0.2463E-01     0.1273E+03     0.2573E+00     0.1274E+03
   366    12    31  1976      82      82  cha82                0.2874E-02     0.1066E-03     0.2928E-02     0.9198E-01     0.2327E+01     0.1578E+03     0.1164E+01     0.0000E+00     0.1321E-02     0.1131E+03     0.3048E+02     0.1305E+02     0.2863E+01     0.3567E+00     0.7943E-02     0.7718E-02     0.1460E-01     0.2703E-01     0.8549E+02     0.3170E+01     0.8709E+02
   366    12    31  1976      83      83  cha83                0.2674E-02     0.2501E-03     0.2798E-02     0.8557E-01     0.1368E+01     0.2018E+03     0.6838E+00     0.0000E+00     0.2577E-03     0.1507E+03     0.3900E+02     0.1134E+02     0.3659E+01     0.3936E+00     0.5981E-02     0.3770E-02     0.8165E-02     0.1836E-01     0.3789E+02     0.3544E+01     0.3964E+02
   366    12    31  1976      84      84  cha84                0.4380E-02     0.3293E-03     0.5050E-02     0.1402E+00     0.2252E+01     0.6259E+03     0.1126E+01     0.0000E+00     0.9173E-03     0.5001E+03     0.1048E+03     0.1986E+02     0.4597E+01     0.4438E+00     0.3995E-02     0.3274E-02     0.6354E-02     0.2271E-01     0.3162E+02     0.2377E+01     0.3645E+02
   366    12    31  1976      85      85  cha85                0.1227E-01     0.1559E-02     0.1254E-01     0.3925E+00     0.5596E+01     0.8176E+03     0.2798E+01     0.0000E+00     0.2194E-03     0.6010E+03     0.1630E+03     0.5084E+02     0.4521E+01     0.4615E+00     0.3981E-02     0.7703E-02     0.1798E-01     0.5452E-01     0.9776E+02     0.1243E+02     0.9993E+02
   366    12    31  1976      86      86  cha86                0.1114E-02     0.5666E-04     0.1133E-02     0.3566E-01     0.1155E+00     0.2577E+02     0.5777E-01     0.0000E+00     0.1113E-03     0.1610E+02     0.7643E+01     0.1977E+01     0.2940E+01     0.3334E+00     0.8942E-02     0.2461E-02     0.9256E-02     0.4652E-02     0.3017E+02     0.1534E+01     0.3067E+02
   366    12    31  1976      87      87  cha87                0.4156E-02     0.2408E-03     0.4607E-02     0.1330E+00     0.5008E+01     0.4119E+03     0.2504E+01     0.0000E+00     0.4184E-02     0.3112E+03     0.8377E+02     0.1445E+02     0.4619E+01     0.4365E+00     0.3994E-02     0.2847E-02     0.7233E-02     0.1645E-01     0.2964E+02     0.1717E+01     0.3285E+02
   366    12    31  1976      88      88  cha88                0.2788E-02     0.2012E-03     0.2881E-02     0.8922E-01     0.1825E+01     0.1347E+03     0.9125E+00     0.0000E+00     0.4804E-03     0.9535E+02     0.2879E+02     0.9676E+01     0.3458E+01     0.3751E+00     0.4981E-02     0.3005E-02     0.7541E-02     0.1740E-01     0.4641E+02     0.3349E+01     0.4796E+02
   366    12    31  1976      89      89  cha89                0.1011E-02     0.8986E-04     0.1012E-02     0.3236E-01     0.7259E+00     0.2764E+01     0.3630E+00     0.0000E+00     0.1642E+00     0.0000E+00     0.1282E-01     0.2389E+01     0.2392E+01     0.2780E+00     0.1000E-02     0.0000E+00     0.5022E-03     0.8210E-02     0.4526E+02     0.4021E+01     0.4527E+02
   366    12    31  1976      90      90  cha90                0.1611E-02     0.6030E-04     0.1722E-02     0.5155E-01     0.1393E+01     0.5570E+02     0.6966E+00     0.0000E+00     0.3774E-02     0.3666E+02     0.1139E+02     0.6955E+01     0.3434E+01     0.3598E+00     0.3989E-02     0.1411E-02     0.3733E-02     0.1300E-01     0.2644E+02     0.9896E+00     0.2827E+02
   366    12    31  1976      91      91  cha91                0.2183E-02     0.1595E-03     0.2276E-02     0.6987E-01     0.1273E+01     0.1053E+03     0.6365E+00     0.0000E+00     0.7174E-03     0.7222E+02     0.2456E+02     0.7847E+01     0.3058E+01     0.3519E+00     0.4978E-02     0.2782E-02     0.7417E-02     0.1739E-01     0.5237E+02     0.3825E+01     0.5459E+02
   366    12    31  1976      92      92  cha92                0.1098E-02     0.1017E-03     0.1159E-02     0.3515E-01     0.2074E+00     0.5911E+02     0.1037E+00     0.0000E+00     0.5103E-04     0.3927E+02     0.1733E+02     0.2411E+01     0.2961E+01     0.3298E+00     0.7984E-02     0.2154E-02     0.7661E-02     0.5495E-02     0.2870E+02     0.2657E+01     0.3029E+02
   366    12    31  1976      93      93  cha93                0.6297E-02     0.8626E-04     0.6431E-02     0.2015E+00     0.3689E+01     0.2897E+03     0.1845E+01     0.0000E+00     0.2404E-02     0.1960E+03     0.6495E+02     0.2692E+02     0.3787E+01     0.4107E+00     0.3974E-02     0.4945E-02     0.1351E-01     0.4075E-01     0.8371E+02     0.1147E+01     0.8549E+02
   366    12    31  1976      94      94  cha94                0.1433E-02     0.8449E-04     0.1461E-02     0.4585E-01     0.5900E+00     0.4374E+02     0.2950E+00     0.0000E+00     0.3377E-03     0.2905E+02     0.9915E+01     0.4488E+01     0.2807E+01     0.3327E+00     0.6953E-02     0.2925E-02     0.7624E-02     0.1120E-01     0.4404E+02     0.2597E+01     0.4489E+02
   366    12    31  1976      95      95  cha95                0.1141E-02     0.4780E-04     0.1150E-02     0.3651E-01     0.1023E+01     0.1442E+02     0.5113E+00     0.0000E+00     0.9835E-03     0.7331E+01     0.2592E+01     0.3990E+01     0.2494E+01     0.3037E+00     0.5913E-02     0.2157E-02     0.5575E-02     0.1218E-01     0.4793E+02     0.2008E+01     0.4833E+02
   366    12    31  1976      96      96  cha96                0.4617E-02     0.1921E-03     0.4734E-02     0.1477E+00     0.4264E+01     0.1150E+03     0.2132E+01     0.0000E+00     0.7535E-02     0.6893E+02     0.2705E+02     0.1686E+02     0.3901E+01     0.3951E+00     0.2984E-02     0.2107E-02     0.7325E-02     0.2564E-01     0.5429E+02     0.2259E+01     0.5566E+02
   366    12    31  1976      97      97  cha97                0.2018E-02     0.5194E-04     0.2060E-02     0.6456E-01     0.1132E+01     0.6609E+02     0.5659E+00     0.0000E+00     0.2758E-03     0.4645E+02     0.1335E+02     0.5734E+01     0.3438E+01     0.3963E+00     0.6916E-02     0.3731E-02     0.8525E-02     0.1063E-01     0.3524E+02     0.9073E+00     0.3598E+02
   366    12    31  1976      98      98  cha98                0.5698E-02     0.4361E-03     0.5986E-02     0.1823E+00     0.3864E+01     0.5650E+03     0.1932E+01     0.0000E+00     0.2100E-02     0.4217E+03     0.1205E+03     0.2080E+02     0.3990E+01     0.4174E+00     0.4987E-02     0.5896E-02     0.1416E-01     0.2745E-01     0.6379E+02     0.4882E+01     0.6701E+02
   366    12    31  1976      99      99  cha99                0.2907E-02     0.1289E-03     0.2935E-02     0.9303E-01     0.1103E+01     0.4862E+02     0.5515E+00     0.0000E+00     0.1524E-02     0.2542E+02     0.1016E+02     0.1248E+02     0.2934E+01     0.3366E+00     0.3958E-02     0.2614E-02     0.8134E-02     0.2915E-01     0.7800E+02     0.3458E+01     0.7874E+02
   366    12    31  1976     100     100  cha100               0.1329E-02     0.3573E-04     0.1338E-02     0.4252E-01     0.1301E+01     0.3463E+02     0.6503E+00     0.0000E+00     0.1686E-03     0.2287E+02     0.5808E+01     0.5305E+01     0.2640E+01     0.3394E+00     0.9838E-02     0.5197E-02     0.9232E-02     0.1374E-01     0.4906E+02     0.1319E+01     0.4941E+02
   366    12    31  1976     101     101  cha101               0.1790E-02     0.2747E-04     0.1825E-02     0.5727E-01     0.8244E+00     0.5063E+02     0.4122E+00     0.0000E+00     0.6221E-03     0.3308E+02     0.8979E+01     0.8155E+01     0.2758E+01     0.3275E+00     0.5953E-02     0.3716E-02     0.7508E-02     0.2012E-01     0.5634E+02     0.8648E+00     0.5747E+02
   366    12    31  1976     102     102  cha102               0.1367E-02     0.5246E-04     0.1404E-02     0.4373E-01     0.2109E+01     0.2475E+02     0.1054E+01     0.0000E+00     0.3003E-02     0.1296E+02     0.4552E+01     0.6189E+01     0.3025E+01     0.3324E+00     0.3977E-02     0.1325E-02     0.3772E-02     0.1420E-01     0.3227E+02     0.1239E+01     0.3315E+02
   366    12    31  1976     103     103  cha103               0.4379E-02     0.3647E-03     0.4471E-02     0.1401E+00     0.1301E+01     0.1915E+03     0.6503E+00     0.0000E+00     0.3484E-03     0.1333E+03     0.3887E+02     0.1872E+02     0.3357E+01     0.3763E+00     0.4972E-02     0.5072E-02     0.1167E-01     0.3332E-01     0.8047E+02     0.6701E+01     0.8215E+02
   366    12    31  1976     104     104  cha104               0.3901E-02     0.1469E-03     0.4041E-02     0.1248E+00     0.2934E+01     0.2684E+03     0.1467E+01     0.0000E+00     0.9949E-03     0.2028E+03     0.4644E+02     0.1772E+02     0.3659E+01     0.4190E+00     0.5964E-02     0.5680E-02     0.1033E-01     0.2759E-01     0.5670E+02     0.2135E+01     0.5873E+02
   366    12    31  1976     105     105  cha105               0.3710E-02     0.7964E-04     0.3869E-02     0.1187E+00     0.2393E+01     0.1516E+03     0.1196E+01     0.0000E+00     0.3034E-02     0.1064E+03     0.3133E+02     0.1263E+02     0.3766E+01     0.3862E+00     0.3987E-02     0.2863E-02     0.7344E-02     0.1970E-01     0.4775E+02     0.1025E+01     0.4980E+02
   366    12    31  1976     106     106  cha106               0.1918E-02     0.4513E-04     0.1956E-02     0.6139E-01     0.2314E+01     0.9005E+02     0.1157E+01     0.0000E+00     0.6699E-03     0.6552E+02     0.1665E+02     0.6726E+01     0.3000E+01     0.3651E+00     0.7933E-02     0.5281E-02     0.9922E-02     0.1437E-01     0.4910E+02     0.1155E+01     0.5006E+02
   366    12    31  1976     107     107  cha107               0.1490E-02     0.7628E-04     0.1539E-02     0.4768E-01     0.1368E+01     0.8545E+02     0.6842E+00     0.0000E+00     0.3445E-03     0.6323E+02     0.1658E+02     0.4958E+01     0.3084E+01     0.3574E+00     0.7964E-02     0.3634E-02     0.7406E-02     0.1050E-01     0.3446E+02     0.1764E+01     0.3560E+02
   366    12    31  1976     108     108  cha108               0.4970E-02     0.6284E-03     0.5034E-02     0.1590E+00     0.1483E+01     0.8549E+02     0.7416E+00     0.0000E+00     0.8314E-02     0.4633E+02     0.1943E+02     0.1899E+02     0.3252E+01     0.3504E+00     0.2983E-02     0.2361E-02     0.8182E-02     0.3768E-01     0.9789E+02     0.1238E+02     0.9914E+02
   366    12    31  1976     109     109  cha109               0.3845E-02     0.3458E-03     0.3917E-02     0.1230E+00     0.1748E+01     0.1751E+03     0.8740E+00     0.0000E+00     0.5727E-03     0.1199E+03     0.3962E+02     0.1473E+02     0.3096E+01     0.3637E+00     0.5964E-02     0.5671E-02     0.1410E-01     0.2926E-01     0.9134E+02     0.8214E+01     0.9306E+02
   366    12    31  1976     110     110  cha110               0.3030E-02     0.2708E-03     0.3247E-02     0.9696E-01     0.1586E+02     0.9497E+02     0.7929E+01     0.0000E+00     0.2177E+00     0.5479E+02     0.2672E+02     0.5532E+01     0.4324E+01     0.4024E+00     0.2998E-02     0.9288E-03     0.4349E-02     0.7167E-02     0.2553E+02     0.2282E+01     0.2737E+02
   366    12    31  1976     111     111  cha111               0.2110E-02     0.6612E-04     0.2151E-02     0.6751E-01     0.2384E+01     0.6868E+02     0.1192E+01     0.0000E+00     0.4282E-03     0.4483E+02     0.1348E+02     0.9175E+01     0.2738E+01     0.3307E+00     0.5954E-02     0.4173E-02     0.9176E-02     0.2270E-01     0.6889E+02     0.2159E+01     0.7024E+02
   366    12    31  1976     112     112  cha112               0.7879E-02     0.4477E-03     0.8042E-02     0.2521E+00     0.4248E+01     0.5206E+03     0.2124E+01     0.0000E+00     0.6372E-03     0.3905E+03     0.8657E+02     0.4140E+02     0.4019E+01     0.4347E+00     0.4971E-02     0.8536E-02     0.1532E-01     0.5143E-01     0.8717E+02     0.4954E+01     0.8898E+02
   366    12    31  1976     113     113  cha113               0.3776E-02     0.1774E-03     0.3882E-02     0.1208E+00     0.3208E+01     0.1729E+03     0.1604E+01     0.0000E+00     0.6903E-03     0.1239E+03     0.3266E+02     0.1470E+02     0.3676E+01     0.3876E+00     0.4979E-02     0.4437E-02     0.9742E-02     0.2261E-01     0.5217E+02     0.2451E+01     0.5363E+02
   366    12    31  1976     114     114  cha114               0.1639E-02     0.2426E-03     0.1697E-02     0.5245E-01     0.1344E+01     0.7507E+02     0.6721E+00     0.0000E+00     0.5469E-04     0.5368E+02     0.1498E+02     0.5738E+01     0.3048E+01     0.3367E+00     0.5985E-02     0.2855E-02     0.6364E-02     0.1227E-01     0.3803E+02     0.5629E+01     0.3939E+02
   366    12    31  1976     115     115  cha115               0.5682E-02     0.4265E-03     0.6004E-02     0.1818E+00     0.4040E+01     0.4864E+03     0.2020E+01     0.0000E+00     0.2518E-02     0.3664E+03     0.9520E+02     0.2274E+02     0.4402E+01     0.4371E+00     0.3989E-02     0.4380E-02     0.1029E-01     0.2705E-01     0.4757E+02     0.3571E+01     0.5027E+02
   366    12    31  1976     116     116  cha116               0.1452E-02     0.2394E-04     0.1506E-02     0.4648E-01     0.3337E+02     0.4338E+02     0.1669E+02     0.0000E+00     0.3458E+01     0.1736E+02     0.6179E+01     0.3151E+01     0.3842E+01     0.3766E+00     0.3992E-02     0.1014E-02     0.3281E-02     0.4936E-02     0.1707E+02     0.2814E+00     0.1769E+02
   366    12    31  1976     117     117  cha117               0.1913E-02     0.8410E-04     0.1999E-02     0.6121E-01     0.7998E+00     0.9384E+02     0.3999E+00     0.0000E+00     0.1127E-02     0.6646E+02     0.1826E+02     0.8724E+01     0.3198E+01     0.3522E+00     0.4985E-02     0.2526E-02     0.5630E-02     0.1776E-01     0.3904E+02     0.1716E+01     0.4080E+02
   366    12    31  1976     118     118  cha118               0.1049E-02     0.2632E-04     0.1069E-02     0.3358E-01     0.2715E+00     0.2672E+02     0.1358E+00     0.0000E+00     0.9922E-04     0.1707E+02     0.5052E+01     0.4458E+01     0.2541E+01     0.3125E+00     0.6940E-02     0.2665E-02     0.5783E-02     0.1307E-01     0.4203E+02     0.1054E+01     0.4281E+02
   366    12    31  1976     119     119  cha119               0.1390E-02     0.9151E-04     0.1434E-02     0.4447E-01     0.1794E+01     0.5855E+02     0.8968E+00     0.0000E+00     0.1057E-03     0.4111E+02     0.1206E+02     0.4489E+01     0.2844E+01     0.3260E+00     0.6974E-02     0.3446E-02     0.7753E-02     0.1046E-01     0.3969E+02     0.2613E+01     0.4096E+02
   366    12    31  1976     120     120  cha120               0.3672E-02     0.1761E-03     0.3699E-02     0.1175E+00     0.1158E+01     0.5504E+02     0.5789E+00     0.0000E+00     0.2275E-02     0.2934E+02     0.9034E+01     0.1608E+02     0.2829E+01     0.3319E+00     0.3948E-02     0.3537E-02     0.8248E-02     0.3861E-01     0.1086E+03     0.5208E+01     0.1094E+03
   366    12    31  1976     121     121  cha121               0.6581E-02     0.5621E-03     0.6758E-02     0.2106E+00     0.3136E+01     0.4836E+03     0.1568E+01     0.0000E+00     0.3412E-03     0.3565E+03     0.9766E+02     0.2790E+02     0.3684E+01     0.4096E+00     0.4978E-02     0.7110E-02     0.1543E-01     0.4100E-01     0.9439E+02     0.8062E+01     0.9693E+02
   366    12    31  1976     122     122  cha122               0.2473E-02     0.3928E-04     0.2529E-02     0.7912E-01     0.7901E+02     0.5414E+02     0.3950E+02     0.0000E+00     0.2487E+02     0.5938E+01     0.3253E+01     0.5443E+01     0.4597E+01     0.4157E+00     0.1996E-02     0.3869E-03     0.2096E-02     0.6491E-02     0.1732E+02     0.2751E+00     0.1772E+02
   366    12    31  1976     123     123  cha123               0.6317E-02     0.1063E-03     0.6435E-02     0.2021E+00     0.4203E+01     0.3553E+03     0.2102E+01     0.0000E+00     0.2519E-02     0.2576E+03     0.6227E+02     0.3333E+02     0.3819E+01     0.4213E+00     0.4963E-02     0.7838E-02     0.1503E-01     0.4480E-01     0.8087E+02     0.1360E+01     0.8239E+02
   366    12    31  1976     124     124  cha124               0.1884E-02     0.3686E-04     0.1968E-02     0.6029E-01     0.1569E+01     0.1050E+03     0.7843E+00     0.0000E+00     0.5416E-03     0.7650E+02     0.2015E+02     0.7604E+01     0.3273E+01     0.3813E+00     0.6951E-02     0.4147E-02     0.8608E-02     0.1478E-01     0.3773E+02     0.7381E+00     0.3941E+02
   366    12    31  1976     125     125  cha125               0.1028E-02     0.1132E-04     0.1055E-02     0.3289E-01     0.8904E+00     0.1638E+02     0.4452E+00     0.0000E+00     0.2340E-02     0.9039E+01     0.3407E+01     0.3488E+01     0.2749E+01     0.3157E+00     0.4967E-02     0.1358E-02     0.3976E-02     0.9313E-02     0.3207E+02     0.3533E+00     0.3293E+02
   366    12    31  1976     126     126  cha126               0.2181E-02     0.1266E-03     0.2378E-02     0.6980E-01     0.1303E+02     0.1120E+03     0.6516E+01     0.0000E+00     0.4787E-02     0.7828E+02     0.2111E+02     0.6088E+01     0.4318E+01     0.4125E+00     0.3992E-02     0.1654E-02     0.4168E-02     0.7895E-02     0.1859E+02     0.1079E+01     0.2027E+02
   366    12    31  1976     127     127  cha127               0.2031E-02     0.4864E-05     0.2035E-02     0.6498E-01     0.1096E+01     0.1203E+02     0.5482E+00     0.0000E+00     0.8721E-02     0.3243E+01     0.1164E+01     0.7074E+01     0.2616E+01     0.3100E+00     0.4771E-02     0.2592E-02     0.7018E-02     0.1968E-01     0.7458E+02     0.1786E+00     0.7473E+02
   366    12    31  1976     128     128  cha128               0.5153E-02     0.2015E-03     0.5280E-02     0.1649E+00     0.7346E+02     0.1294E+03     0.3673E+02     0.0000E+00     0.2730E+01     0.5897E+02     0.2030E+02     0.1341E+02     0.5328E+01     0.4615E+00     0.2991E-02     0.1705E-02     0.6031E-02     0.1228E-01     0.2408E+02     0.9414E+00     0.2467E+02
   366    12    31  1976     129     129  cha129               0.9468E-02     0.3073E-03     0.9594E-02     0.3030E+00     0.3978E+03     0.4203E+03     0.1989E+03     0.0000E+00     0.2188E+02     0.1433E+03     0.3594E+02     0.4218E+02     0.4625E+01     0.4437E+00     0.2976E-02     0.4075E-02     0.9450E-02     0.4661E-01     0.6779E+02     0.2200E+01     0.6869E+02
   366    12    31  1976     130     130  cha130               0.1405E-02     0.5828E-04     0.1429E-02     0.4496E-01     0.9726E+00     0.4987E+02     0.4863E+00     0.0000E+00     0.2382E-03     0.3436E+02     0.9434E+01     0.5595E+01     0.2550E+01     0.3228E+00     0.7935E-02     0.4215E-02     0.8165E-02     0.1570E-01     0.5653E+02     0.2344E+01     0.5748E+02
   366    12    31  1976     131     131  cha131               0.1671E-02     0.7356E-04     0.1713E-02     0.5347E-01     0.4751E+00     0.6757E+02     0.2376E+00     0.0000E+00     0.2574E-04     0.4613E+02     0.1410E+02     0.7103E+01     0.2762E+01     0.3272E+00     0.6966E-02     0.3842E-02     0.8709E-02     0.1757E-01     0.5251E+02     0.2312E+01     0.5382E+02
   366    12    31  1976     132     132  cha132               0.5297E-02     0.3135E-03     0.5375E-02     0.1695E+00     0.1627E+03     0.1638E+03     0.8134E+02     0.0000E+00     0.6100E+01     0.5077E+02     0.1578E+02     0.1595E+02     0.4514E+01     0.4203E+00     0.2986E-02     0.2161E-02     0.6399E-02     0.1878E-01     0.3984E+02     0.2358E+01     0.4042E+02
   366    12    31  1976     133     133  cha133               0.3828E-02     0.2844E-03     0.4061E-02     0.1225E+00     0.3522E+01     0.2628E+03     0.1761E+01     0.0000E+00     0.6917E-03     0.1922E+03     0.5917E+02     0.9667E+01     0.4047E+01     0.4302E+00     0.4977E-02     0.3660E-02     0.9663E-02     0.1386E-01     0.4186E+02     0.3111E+01     0.4441E+02
   366    12    31  1976     134     134  cha134               0.8340E-02     0.8664E-05     0.8359E-02     0.2669E+00     0.5683E+03     0.3244E+03     0.2842E+03     0.0000E+00     0.2439E+03     0.6753E+01     0.3120E+01     0.3037E+02     0.4935E+01     0.4445E+00     0.1911E-02     0.1432E-02     0.6575E-02     0.3182E-01     0.4925E+02     0.5116E-01     0.4936E+02
   366    12    31  1976     135     135  cha135               0.4178E-02     0.1021E-03     0.4240E-02     0.1337E+00     0.1096E+03     0.1125E+03     0.5480E+02     0.0000E+00     0.6553E+01     0.3176E+02     0.1090E+02     0.1504E+02     0.4336E+01     0.4112E+00     0.2982E-02     0.1679E-02     0.5430E-02     0.1923E-01     0.3545E+02     0.8661E+00     0.3597E+02
   366    12    31  1976     136     136  cha136               0.1588E-02     0.3339E-04     0.1619E-02     0.5083E-01     0.7032E+00     0.2730E+02     0.3516E+00     0.0000E+00     0.2620E-02     0.1533E+02     0.6006E+01     0.5611E+01     0.2860E+01     0.3308E+00     0.4952E-02     0.1917E-02     0.5886E-02     0.1401E-01     0.4588E+02     0.9646E+00     0.4676E+02
   366    12    31  1976     137     137  cha137               0.1275E-02     0.3002E-04     0.1305E-02     0.4079E-01     0.9112E+00     0.1297E+02     0.4556E+00     0.0000E+00     0.8855E-02     0.4552E+01     0.2991E+01     0.4973E+01     0.2536E+01     0.2907E+00     0.2993E-02     0.6051E-03     0.3101E-02     0.1529E-01     0.4925E+02     0.1160E+01     0.5041E+02
   366    12    31  1976     138     138  cha138               0.6242E-02     0.1183E-04     0.6258E-02     0.1998E+00     0.1398E+03     0.9554E+02     0.6989E+02     0.0000E+00     0.4479E+02     0.4319E+01     0.2748E+01     0.1858E+02     0.4501E+01     0.4166E+00     0.1938E-02     0.9418E-03     0.5778E-02     0.2287E-01     0.4795E+02     0.9083E-01     0.4806E+02
   366    12    31  1976     139     139  cha139               0.1745E-02     0.7639E-04     0.1820E-02     0.5585E-01     0.2496E+01     0.7927E+02     0.1248E+01     0.0000E+00     0.1186E-02     0.5681E+02     0.1349E+02     0.7712E+01     0.3025E+01     0.3362E+00     0.5984E-02     0.3205E-02     0.6056E-02     0.1653E-01     0.4135E+02     0.1810E+01     0.4311E+02
   366    12    31  1976     140     140  cha140               0.1350E-01     0.5304E-03     0.1377E-01     0.4319E+00     0.2273E+03     0.5806E+03     0.1137E+03     0.0000E+00     0.2876E+00     0.3356E+03     0.8879E+02     0.4259E+02     0.6675E+01     0.5423E+00     0.2987E-02     0.4210E-02     0.1217E-01     0.2603E-01     0.3382E+02     0.1329E+01     0.3451E+02
   366    12    31  1976     141     141  cha141               0.6530E-02     0.6103E-04     0.6591E-02     0.2090E+00     0.1500E+03     0.1241E+03     0.7502E+02     0.0000E+00     0.2637E+02     0.1759E+02     0.7362E+01     0.2409E+02     0.4951E+01     0.4404E+00     0.1983E-02     0.1145E-02     0.4812E-02     0.2518E-01     0.3773E+02     0.3527E+00     0.3809E+02
   366    12    31  1976     142     142  cha142               0.2072E-02     0.5234E-04     0.2095E-02     0.6631E-01     0.2361E+01     0.7494E+02     0.1180E+01     0.0000E+00     0.1575E-03     0.5306E+02     0.1346E+02     0.7245E+01     0.3228E+01     0.3851E+00     0.8886E-02     0.5904E-02     0.1130E-01     0.1344E-01     0.4335E+02     0.1095E+01     0.4383E+02
   366    12    31  1976     143     143  cha143               0.4050E-02     0.2205E-03     0.4172E-02     0.1296E+00     0.2087E+01     0.2534E+03     0.1044E+01     0.0000E+00     0.1483E-03     0.1849E+03     0.4836E+02     0.1912E+02     0.3621E+01     0.3940E+00     0.4977E-02     0.5130E-02     0.1091E-01     0.2984E-01     0.5943E+02     0.3235E+01     0.6122E+02
   366    12    31  1976     144     144  cha144               0.1423E-01     0.1277E-02     0.1457E-01     0.4553E+00     0.2206E+03     0.5504E+03     0.1103E+03     0.0000E+00     0.2617E+00     0.2979E+03     0.1034E+03     0.3887E+02     0.5863E+01     0.4920E+00     0.1996E-02     0.2433E-02     0.8958E-02     0.3005E-01     0.5114E+02     0.4590E+01     0.5236E+02
   366    12    31  1976     145     145  cha145               0.3678E-02     0.3510E-03     0.3775E-02     0.1177E+00     0.1426E+01     0.2837E+03     0.7128E+00     0.0000E+00     0.3428E-04     0.2093E+03     0.5710E+02     0.1661E+02     0.3119E+01     0.3766E+00     0.6966E-02     0.7223E-02     0.1441E-01     0.3144E-01     0.8575E+02     0.8183E+01     0.8802E+02
   366    12    31  1976     146     146  cha146               0.3811E-02     0.2168E-03     0.3961E-02     0.1220E+00     0.1887E+02     0.1776E+03     0.9436E+01     0.0000E+00     0.6531E-01     0.1128E+03     0.4749E+02     0.7854E+01     0.4005E+01     0.4020E+00     0.3988E-02     0.2393E-02     0.9011E-02     0.1128E-01     0.4188E+02     0.2382E+01     0.4352E+02
   366    12    31  1976     147     147  cha147               0.1494E-01     0.4122E-03     0.1515E-01     0.4780E+00     0.5418E+03     0.5923E+03     0.2709E+03     0.0000E+00     0.3791E+02     0.2010E+03     0.6653E+02     0.5392E+02     0.5622E+01     0.4874E+00     0.1990E-02     0.2746E-02     0.9378E-02     0.4467E-01     0.6125E+02     0.1690E+01     0.6212E+02
   366    12    31  1976     148     148  cha148               0.4427E-02     0.1364E-03     0.4512E-02     0.1417E+00     0.2940E+01     0.9152E+02     0.1470E+01     0.0000E+00     0.1023E-01     0.5322E+02     0.1871E+02     0.1812E+02     0.3234E+01     0.3472E+00     0.2988E-02     0.2351E-02     0.6852E-02     0.3618E-01     0.8735E+02     0.2691E+01     0.8902E+02
   366    12    31  1976     149     149  cha149               0.1722E-02     0.2942E-03     0.1875E-02     0.5511E-01     0.1558E+01     0.2290E+02     0.7789E+00     0.0000E+00     0.1101E-01     0.8366E+01     0.9377E+01     0.4377E+01     0.3279E+01     0.3378E+00     0.2000E-02     0.2015E-03     0.1966E-02     0.8979E-02     0.3158E+02     0.5394E+01     0.3438E+02
   366    12    31  1976     150     150  cha150               0.2865E-02     0.8843E-05     0.2886E-02     0.9168E-01     0.1206E+03     0.1055E+03     0.6032E+02     0.0000E+00     0.1819E+02     0.2967E+02     0.6261E+01     0.9203E+01     0.4679E+01     0.4660E+00     0.7756E-02     0.5351E-02     0.1017E-01     0.9998E-02     0.2012E+02     0.6211E-01     0.2027E+02
   366    12    31  1976     151     151  cha151               0.9825E-02     0.3766E-03     0.9971E-02     0.3144E+00     0.5941E+02     0.4006E+03     0.2971E+02     0.0000E+00     0.5823E-02     0.2591E+03     0.6804E+02     0.4378E+02     0.4283E+01     0.4425E+00     0.3967E-02     0.6868E-02     0.1538E-01     0.5165E-01     0.9055E+02     0.3470E+01     0.9190E+02
   366    12    31  1976     152     152  cha152               0.2066E-01     0.6496E-03     0.2087E-01     0.6612E+00     0.1197E+04     0.9475E+03     0.5984E+03     0.0000E+00     0.3132E+03     0.2064E+03     0.9377E+02     0.4887E+02     0.6368E+01     0.5340E+00     0.1981E-02     0.2999E-02     0.1464E-01     0.3374E-01     0.6159E+02     0.1936E+01     0.6220E+02
   366    12    31  1976     153     153  cha153               0.1096E-01     0.1878E-03     0.1099E-01     0.3506E+00     0.1455E+03     0.2839E+03     0.7273E+02     0.0000E+00     0.5607E-01     0.1396E+03     0.3158E+02     0.4002E+02     0.5415E+01     0.5405E+00     0.4817E-02     0.9320E-02     0.1894E-01     0.3158E-01     0.5267E+02     0.9028E+00     0.5284E+02
   366    12    31  1976     154     154  cha154               0.1656E-02     0.3850E-04     0.1675E-02     0.5300E-01     0.8826E+00     0.4242E+02     0.4413E+00     0.0000E+00     0.3675E-04     0.2719E+02     0.8876E+01     0.5914E+01     0.2753E+01     0.3573E+00     0.8824E-02     0.5087E-02     0.1185E-01     0.1487E-01     0.5775E+02     0.1342E+01     0.5839E+02
   366    12    31  1976     155     155  cha155               0.1881E-02     0.2828E-03     0.1958E-02     0.6019E-01     0.5464E+00     0.5209E+02     0.2732E+00     0.0000E+00     0.1234E-02     0.3419E+02     0.1329E+02     0.4327E+01     0.3557E+01     0.3603E+00     0.3995E-02     0.1240E-02     0.4236E-02     0.7619E-02     0.2772E+02     0.4167E+01     0.2886E+02
   366    12    31  1976     156     156  cha156               0.2442E-01     0.1936E-03     0.2451E-01     0.7813E+00     0.1291E+04     0.7354E+03     0.6456E+03     0.0000E+00     0.5559E+03     0.0000E+00     0.1341E+02     0.7634E+02     0.6607E+01     0.5130E+00     0.1000E-02     0.0000E+00     0.6433E-02     0.5131E-01     0.6184E+02     0.4903E+00     0.6209E+02
   366    12    31  1976     157     157  cha157               0.2742E-02     0.8412E-04     0.2800E-02     0.8775E-01     0.3818E+02     0.6702E+02     0.1909E+02     0.0000E+00     0.1945E-01     0.2902E+02     0.1088E+02     0.8027E+01     0.3652E+01     0.3811E+00     0.3967E-02     0.1945E-02     0.6284E-02     0.1358E-01     0.3887E+02     0.1192E+01     0.3969E+02
   366    12    31  1976     158     158  cha158               0.3210E-01     0.1778E-03     0.3225E-01     0.1027E+01     0.1124E+04     0.1009E+04     0.5618E+03     0.0000E+00     0.1698E+03     0.2560E+03     0.7895E+02     0.1127E+03     0.7184E+01     0.5838E+00     0.1960E-02     0.5332E-02     0.1808E-01     0.6122E-01     0.6701E+02     0.3712E+00     0.6733E+02
   366    12    31  1976     159     159  cha159               0.2305E-01     0.3153E-03     0.2329E-01     0.7375E+00     0.2966E+03     0.7306E+03     0.1483E+03     0.0000E+00     0.3066E+01     0.3698E+03     0.1076E+03     0.1049E+03     0.6098E+01     0.5306E+00     0.1982E-02     0.4467E-02     0.1333E-01     0.7522E-01     0.7616E+02     0.1042E+01     0.7698E+02
   366    12    31  1976     160     160  cha160               0.1664E-02     0.8875E-04     0.1696E-02     0.5325E-01     0.1422E+01     0.4093E+02     0.7108E+00     0.0000E+00     0.3797E-02     0.2539E+02     0.8975E+01     0.5854E+01     0.2927E+01     0.3406E+00     0.5945E-02     0.2848E-02     0.7792E-02     0.1362E-01     0.4516E+02     0.2409E+01     0.4603E+02
   366    12    31  1976     161     161  cha161               0.2930E-02     0.1624E-03     0.3115E-02     0.9376E-01     0.1839E+01     0.2065E+03     0.9193E+00     0.0000E+00     0.8077E-03     0.1555E+03     0.3799E+02     0.1207E+02     0.3679E+01     0.3919E+00     0.4985E-02     0.3448E-02     0.7044E-02     0.1956E-01     0.4040E+02     0.2239E+01     0.4295E+02
   366    12    31  1976     162     162  cha162               0.3803E-01     0.3883E-03     0.3808E-01     0.1217E+01     0.1553E+04     0.9251E+03     0.7766E+03     0.0000E+00     0.6281E+03     0.0000E+00     0.1126E+02     0.1372E+03     0.7328E+01     0.5460E+00     0.1000E-02     0.0000E+00     0.8749E-02     0.7812E-01     0.7213E+02     0.7364E+00     0.7223E+02
   366    12    31  1976     163     163  cha163               0.5437E-02     0.1640E-03     0.5524E-02     0.1740E+00     0.1764E+03     0.2054E+03     0.8818E+02     0.0000E+00     0.1289E+02     0.7648E+02     0.2425E+02     0.1653E+02     0.4702E+01     0.4607E+00     0.3947E-02     0.3369E-02     0.9876E-02     0.1843E-01     0.3826E+02     0.1154E+01     0.3887E+02
   366    12    31  1976     164     164  cha164               0.3435E-01     0.8014E-05     0.3436E-01     0.1099E+01     0.1054E+04     0.6360E+03     0.5268E+03     0.0000E+00     0.4176E+03     0.1294E+02     0.4862E+01     0.9141E+02     0.7344E+01     0.5795E+00     0.1594E-02     0.3586E-02     0.1527E-01     0.4926E-01     0.6684E+02     0.1559E-01     0.6686E+02
   366    12    31  1976     165     165  cha165               0.3595E-02     0.2104E-04     0.3671E-02     0.1150E+00     0.1083E+03     0.1367E+03     0.5415E+02     0.0000E+00     0.5652E+01     0.5328E+02     0.1728E+02     0.1198E+02     0.3958E+01     0.4015E+00     0.3969E-02     0.2671E-02     0.7689E-02     0.1746E-01     0.4059E+02     0.2376E+00     0.4145E+02
   366    12    31  1976     166     166  cha166               0.4165E-02     0.7042E-04     0.4224E-02     0.1333E+00     0.1027E+03     0.1244E+03     0.5137E+02     0.0000E+00     0.1756E+01     0.4646E+02     0.1415E+02     0.1238E+02     0.4130E+01     0.4127E+00     0.3960E-02     0.2871E-02     0.7857E-02     0.1669E-01     0.4139E+02     0.6998E+00     0.4198E+02
   366    12    31  1976     167     167  cha167               0.3715E-02     0.2165E-03     0.3803E-02     0.1189E+00     0.3152E+02     0.8911E+02     0.1576E+02     0.0000E+00     0.1377E-01     0.4476E+02     0.1432E+02     0.1426E+02     0.4161E+01     0.4045E+00     0.2985E-02     0.1678E-02     0.4927E-02     0.1954E-01     0.3541E+02     0.2064E+01     0.3625E+02
   366    12    31  1976     168     168  cha168               0.5823E-02     0.9620E-04     0.6045E-02     0.1863E+00     0.3007E+03     0.3211E+03     0.1503E+03     0.0000E+00     0.1233E+02     0.1220E+03     0.2557E+02     0.2325E+02     0.5713E+01     0.4945E+00     0.2984E-02     0.2501E-02     0.5408E-02     0.1908E-01     0.2239E+02     0.3699E+00     0.2324E+02
   366    12    31  1976     169     169  cha169               0.8948E-02     0.1517E-03     0.9008E-02     0.2863E+00     0.4942E+03     0.3228E+03     0.2471E+03     0.0000E+00     0.1714E+03     0.2870E+02     0.1243E+02     0.3455E+02     0.4162E+01     0.4006E+00     0.1981E-02     0.1777E-02     0.7134E-02     0.4700E-01     0.8583E+02     0.1455E+01     0.8641E+02
   366    12    31  1976     170     170  cha170               0.3811E-01     0.2014E-03     0.3834E-01     0.1220E+01     0.6628E+03     0.4756E+03     0.3314E+03     0.0000E+00     0.1905E+03     0.0000E+00     0.6433E+02     0.7984E+02     0.7738E+01     0.5630E+00     0.1000E-02     0.0000E+00     0.9949E-02     0.4181E-01     0.6245E+02     0.3300E+00     0.6283E+02
   366    12    31  1976     171     171  cha171               0.1802E-01     0.2084E-03     0.1829E-01     0.5767E+00     0.6387E+03     0.4004E+03     0.3194E+03     0.0000E+00     0.2383E+03     0.0000E+00     0.2741E+02     0.5361E+02     0.6994E+01     0.5320E+00     0.1000E-02     0.0000E+00     0.4399E-02     0.3284E-01     0.3855E+02     0.4459E+00     0.3914E+02
   366    12    31  1976     172     172  cha172               0.1289E-01     0.5000E-03     0.1314E-01     0.4124E+00     0.2950E+03     0.6781E+03     0.1475E+03     0.0000E+00     0.1414E+01     0.3808E+03     0.9108E+02     0.5879E+02     0.4700E+01     0.4532E+00     0.2985E-02     0.5696E-02     0.1249E-01     0.6047E-01     0.8891E+02     0.3450E+01     0.9068E+02
   366    12    31  1976     173     173  cha173               0.2668E-02     0.7948E-04     0.2703E-02     0.8539E-01     0.8824E+02     0.1040E+03     0.4412E+02     0.0000E+00     0.2052E+01     0.3989E+02     0.1154E+02     0.8409E+01     0.3694E+01     0.3860E+00     0.4963E-02     0.2710E-02     0.6733E-02     0.1366E-01     0.3631E+02     0.1082E+01     0.3678E+02
   366    12    31  1976     174     174  cha174               0.3200E-01     0.7063E-04     0.3215E-01     0.1024E+01     0.1609E+04     0.9276E+03     0.8044E+03     0.0000E+00     0.6811E+03     0.0000E+00     0.2347E+02     0.9979E+02     0.8441E+01     0.5960E+00     0.1000E-02     0.0000E+00     0.6887E-02     0.4529E-01     0.4036E+02     0.8906E-01     0.4054E+02
   366    12    31  1976     175     175  cha175               0.9637E-02     0.2826E-04     0.9651E-02     0.3084E+00     0.4683E+03     0.2587E+03     0.2342E+03     0.0000E+00     0.2096E+03     0.0000E+00     0.1519E+01     0.2301E+02     0.5507E+01     0.4600E+00     0.1000E-02     0.0000E+00     0.3083E-02     0.2083E-01     0.4098E+02     0.1202E+00     0.4104E+02
   366    12    31  1976     176     176  cha176               0.2488E-01     0.2730E-04     0.2493E-01     0.7961E+00     0.1229E+04     0.1039E+04     0.6147E+03     0.0000E+00     0.2120E+03     0.2939E+03     0.6792E+02     0.6201E+02     0.7167E+01     0.7293E+00     0.4556E-02     0.1638E-01     0.3470E-01     0.2938E-01     0.5778E+02     0.6340E-01     0.5790E+02
   366    12    31  1976     177     177  cha177               0.9640E-02     0.7328E-04     0.9665E-02     0.3085E+00     0.5230E+03     0.3592E+03     0.2615E+03     0.0000E+00     0.1643E+03     0.4047E+02     0.1264E+02     0.4462E+02     0.4401E+01     0.4466E+00     0.2875E-02     0.4262E-02     0.1176E-01     0.5362E-01     0.8207E+02     0.6238E+00     0.8228E+02
   366    12    31  1976     178     178  cha178               0.5449E-02     0.1956E-04     0.5483E-02     0.1744E+00     0.1952E+03     0.1769E+03     0.9761E+02     0.0000E+00     0.2101E+02     0.4788E+02     0.1285E+02     0.1859E+02     0.4312E+01     0.4422E+00     0.4880E-02     0.4880E-02     0.1154E-01     0.2274E-01     0.4914E+02     0.1763E+00     0.4944E+02
   366    12    31  1976     179     179  cha179               0.6314E-02     0.5320E-04     0.6360E-02     0.2020E+00     0.1983E+03     0.1730E+03     0.9917E+02     0.0000E+00     0.2882E+02     0.4120E+02     0.1319E+02     0.1948E+02     0.4841E+01     0.4463E+00     0.2963E-02     0.2501E-02     0.7743E-02     0.2089E-01     0.3946E+02     0.3325E+00     0.3976E+02
   366    12    31  1976     180     180  cha180               0.4497E-01     0.1212E-02     0.4549E-01     0.1439E+01     0.9633E+03     0.1788E+04     0.4817E+03     0.0000E+00     0.4214E+01     0.9846E+03     0.2243E+03     0.9778E+02     0.9408E+01     0.6845E+00     0.1981E-02     0.6756E-02     0.1878E-01     0.3431E-01     0.4281E+02     0.1154E+01     0.4331E+02
   366    12    31  1976     181     181  cha181               0.1039E-01     0.4939E-04     0.1041E-01     0.3325E+00     0.1221E+04     0.6475E+03     0.6103E+03     0.0000E+00     0.5730E+03     0.0000E+00     0.1847E+01     0.3542E+02     0.4260E+01     0.3940E+00     0.1000E-02     0.0000E+00     0.3829E-02     0.4812E-01     0.9147E+02     0.4347E+00     0.9165E+02
   366    12    31  1976     182     182  cha182               0.2931E-01     0.2363E-04     0.2934E-01     0.9379E+00     0.1286E+04     0.6969E+03     0.6432E+03     0.0000E+00     0.5896E+03     0.0000E+00     0.7425E+01     0.4622E+02     0.7193E+01     0.5380E+00     0.1000E-02     0.0000E+00     0.8671E-02     0.2739E-01     0.5937E+02     0.4786E-01     0.5943E+02
   366    12    31  1976     183     183  cha183               0.1305E-01     0.2015E-03     0.1324E-01     0.4176E+00     0.3940E+03     0.8920E+03     0.1970E+03     0.0000E+00     0.7061E+00     0.5128E+03     0.1237E+03     0.5845E+02     0.5437E+01     0.5410E+00     0.3956E-02     0.8325E-02     0.1816E-01     0.4821E-01     0.6201E+02     0.9573E+00     0.6293E+02
   366    12    31  1976     184     184  cha184               0.1040E-01     0.8872E-04     0.1050E-01     0.3329E+00     0.3015E+03     0.2445E+03     0.1507E+03     0.0000E+00     0.5705E+02     0.4437E+02     0.1582E+02     0.3354E+02     0.5489E+01     0.4753E+00     0.1978E-02     0.1792E-02     0.6619E-02     0.2955E-01     0.4524E+02     0.3859E+00     0.4565E+02
   366    12    31  1976     185     185  cha185               0.3237E-02     0.3882E-05     0.3240E-02     0.1036E+00     0.1061E+03     0.6450E+02     0.5304E+02     0.0000E+00     0.4158E+02     0.7254E+00     0.3768E+00     0.1036E+02     0.4053E+01     0.3879E+00     0.1901E-02     0.5455E-03     0.2648E-02     0.1509E-01     0.3276E+02     0.3929E-01     0.3280E+02
   366    12    31  1976     186     186  cha186               0.9146E-02     0.9339E-04     0.9236E-02     0.2927E+00     0.1422E+03     0.2098E+03     0.7109E+02     0.0000E+00     0.4978E-01     0.8290E+02     0.2668E+02     0.2915E+02     0.5171E+01     0.4800E+00     0.2950E-02     0.3544E-02     0.1104E-01     0.2781E-01     0.4867E+02     0.4970E+00     0.4915E+02
   366    12    31  1976     187     187  cha187               0.1261E-01     0.1230E-03     0.1268E-01     0.4036E+00     0.4230E+03     0.3061E+03     0.2115E+03     0.0000E+00     0.1184E+03     0.4144E+02     0.1870E+02     0.3448E+02     0.6032E+01     0.5091E+00     0.1963E-02     0.1810E-02     0.8675E-02     0.2652E-01     0.4262E+02     0.4157E+00     0.4286E+02
   366    12    31  1976     188     188  cha188               0.3300E-01     0.8311E-04     0.3327E-01     0.1056E+01     0.6992E+03     0.9584E+03     0.3496E+03     0.0000E+00     0.2477E+02     0.3897E+03     0.1429E+03     0.7625E+02     0.7622E+01     0.6042E+00     0.1975E-02     0.4660E-02     0.1948E-01     0.3808E-01     0.5912E+02     0.1489E+00     0.5960E+02
   366    12    31  1976     189     189  cha189               0.2418E-01     0.2569E-03     0.2426E-01     0.7737E+00     0.1053E+04     0.6004E+03     0.5263E+03     0.0000E+00     0.4522E+03     0.0000E+00     0.1197E+02     0.6212E+02     0.7492E+01     0.5540E+00     0.1000E-02     0.0000E+00     0.6094E-02     0.3408E-01     0.4268E+02     0.4536E+00     0.4283E+02
   366    12    31  1976     190     190  cha190               0.8008E-02     0.3724E-04     0.8060E-02     0.2562E+00     0.4444E+03     0.3115E+03     0.2222E+03     0.0000E+00     0.1330E+03     0.4330E+02     0.1201E+02     0.3393E+02     0.4870E+01     0.4645E+00     0.2915E-02     0.3342E-02     0.8840E-02     0.3570E-01     0.5037E+02     0.2342E+00     0.5070E+02
   366    12    31  1976     191     191  cha191               0.6141E-02     0.5342E-04     0.6214E-02     0.1965E+00     0.2663E+03     0.2483E+03     0.1332E+03     0.0000E+00     0.2217E+02     0.7644E+02     0.1914E+02     0.1956E+02     0.5076E+01     0.4707E+00     0.3953E-02     0.3592E-02     0.8713E-02     0.1890E-01     0.3380E+02     0.2940E+00     0.3420E+02
   366    12    31  1976     192     192  cha192               0.1193E+00     0.2087E-04     0.1193E+00     0.3816E+01     0.1518E+04     0.1094E+04     0.7592E+03     0.0000E+00     0.4503E+03     0.0000E+00     0.3043E+02     0.3040E+03     0.1261E+02     0.7560E+00     0.1000E-02     0.0000E+00     0.1852E-01     0.7297E-01     0.4910E+02     0.8592E-02     0.4913E+02
   366    12    31  1976     193     193  cha193               0.1574E-01     0.8634E-04     0.1583E-01     0.5038E+00     0.3189E+03     0.2109E+03     0.1595E+03     0.0000E+00     0.1160E+03     0.0000E+00     0.1046E+02     0.4101E+02     0.6294E+01     0.4980E+00     0.1000E-02     0.0000E+00     0.4752E-02     0.2997E-01     0.4596E+02     0.2521E+00     0.4620E+02
   366    12    31  1976     194     194  cha194               0.4374E-01     0.2467E-03     0.4399E-01     0.1400E+01     0.6847E+03     0.1223E+04     0.3423E+03     0.0000E+00     0.2598E+02     0.6106E+03     0.1792E+03     0.9062E+02     0.8229E+01     0.6457E+00     0.1967E-02     0.6721E-02     0.2258E-01     0.3941E-01     0.6279E+02     0.3542E+00     0.6316E+02
   366    12    31  1976     195     195  cha195               0.3383E-01     0.1142E-03     0.3397E-01     0.1083E+01     0.1479E+04     0.8618E+03     0.7393E+03     0.0000E+00     0.6168E+03     0.0000E+00     0.2318E+02     0.9934E+02     0.8135E+01     0.5820E+00     0.1000E-02     0.0000E+00     0.7691E-02     0.4779E-01     0.4743E+02     0.1601E+00     0.4763E+02
   366    12    31  1976     196     196  cha196               0.1416E-01     0.2901E-03     0.1435E-01     0.4532E+00     0.3364E+03     0.3674E+03     0.1682E+03     0.0000E+00     0.4722E+01     0.1178E+03     0.3672E+02     0.4472E+02     0.6193E+01     0.5159E+00     0.1984E-02     0.2372E-02     0.7968E-02     0.3217E-01     0.4377E+02     0.8967E+00     0.4437E+02
   366    12    31  1976     197     197  cha197               0.4402E-02     0.1163E-03     0.4484E-02     0.1409E+00     0.3335E+03     0.1873E+03     0.1668E+03     0.0000E+00     0.1462E+03     0.0000E+00     0.4303E+01     0.1625E+02     0.4386E+01     0.4020E+00     0.1000E-02     0.0000E+00     0.1805E-02     0.2100E-01     0.3522E+02     0.9305E+00     0.3587E+02
   366    12    31  1976     198     198  cha198               0.2126E+00     0.2384E-03     0.2129E+00     0.6802E+01     0.1098E+04     0.4102E+04     0.5491E+03     0.0000E+00     0.1113E+02     0.2904E+04     0.4913E+03     0.1577E+03     0.1525E+02     0.1066E+01     0.1844E-02     0.2380E-01     0.5200E-01     0.2325E-01     0.5387E+02     0.6043E-01     0.5396E+02
   366    12    31  1976     199     199  cha199               0.4860E-01     0.2302E-03     0.4871E-01     0.1555E+01     0.2988E+04     0.1601E+04     0.1494E+04     0.0000E+00     0.1387E+04     0.0000E+00     0.2290E+02     0.8414E+02     0.9531E+01     0.6400E+00     0.1000E-02     0.0000E+00     0.1044E-01     0.3147E-01     0.4363E+02     0.2066E+00     0.4372E+02
   366    12    31  1976     200     200  cha200               0.4498E-01     0.2079E-03     0.4519E-01     0.1439E+01     0.1223E+04     0.1299E+04     0.6115E+03     0.0000E+00     0.3671E+02     0.4795E+03     0.1415E+03     0.6635E+02     0.8357E+01     0.6520E+00     0.1957E-02     0.6742E-02     0.2290E-01     0.2822E-01     0.6182E+02     0.2857E+00     0.6211E+02
   366    12    31  1976     201     201  cha201               0.8939E-02     0.1538E-03     0.9099E-02     0.2861E+00     0.1422E+03     0.3677E+03     0.7112E+02     0.0000E+00     0.7098E+00     0.2050E+03     0.6190E+02     0.2972E+02     0.5009E+01     0.4642E+00     0.2983E-02     0.3767E-02     0.1101E-01     0.2902E-01     0.5162E+02     0.8879E+00     0.5254E+02
   366    12    31  1976     202     202  cha202               0.1727E-01     0.1868E-03     0.1752E-01     0.5527E+00     0.4457E+03     0.5176E+03     0.2229E+03     0.0000E+00     0.1116E+01     0.1874E+03     0.5419E+02     0.5319E+02     0.6751E+01     0.5460E+00     0.1985E-02     0.2777E-02     0.8912E-02     0.3311E-01     0.4185E+02     0.4527E+00     0.4246E+02
   366    12    31  1976     203     203  cha203               0.6800E-02     0.9062E-04     0.6841E-02     0.2176E+00     0.3720E+03     0.2673E+03     0.1860E+03     0.0000E+00     0.1049E+03     0.3926E+02     0.1163E+02     0.3036E+02     0.4352E+01     0.4212E+00     0.2953E-02     0.3166E-02     0.8619E-02     0.3737E-01     0.5775E+02     0.7696E+00     0.5810E+02
   366    12    31  1976     204     204  cha204               0.1237E+00     0.3242E-03     0.1245E+00     0.3960E+01     0.1106E+04     0.1162E+04     0.5530E+03     0.0000E+00     0.6338E+02     0.0000E+00     0.2881E+03     0.3211E+03     0.1288E+02     0.7660E+00     0.1000E-02     0.0000E+00     0.1882E-01     0.7449E-01     0.4797E+02     0.1257E+00     0.4827E+02
   366    12    31  1976     205     205  cha205               0.1145E-01     0.2583E-04     0.1150E-01     0.3663E+00     0.2659E+03     0.2432E+03     0.1330E+03     0.0000E+00     0.2816E+02     0.6039E+02     0.1714E+02     0.3268E+02     0.5809E+01     0.5190E+00     0.2893E-02     0.4163E-02     0.1191E-01     0.2576E-01     0.4366E+02     0.9852E-01     0.4388E+02
   366    12    31  1976     206     206  cha206               0.7893E-01     0.2922E-04     0.7906E-01     0.2526E+01     0.2258E+04     0.1273E+04     0.1129E+04     0.0000E+00     0.9842E+03     0.0000E+00     0.5541E+02     0.8918E+02     0.1014E+02     0.6610E+00     0.1000E-02     0.0000E+00     0.1707E-01     0.3044E-01     0.6083E+02     0.2252E-01     0.6094E+02
   366    12    31  1976     207     207  cha207               0.1016E-01     0.2856E-03     0.1040E-01     0.3251E+00     0.4027E+03     0.8789E+03     0.2013E+03     0.0000E+00     0.7615E+01     0.5178E+03     0.1160E+03     0.4367E+02     0.4985E+01     0.4919E+00     0.3974E-02     0.7816E-02     0.1585E-01     0.3984E-01     0.6075E+02     0.1708E+01     0.6217E+02
   366    12    31  1976     208     208  cha208               0.1112E-01     0.1794E-03     0.1132E-01     0.3559E+00     0.3546E+03     0.3549E+03     0.1773E+03     0.0000E+00     0.1657E+02     0.9860E+02     0.3279E+02     0.4620E+02     0.5427E+01     0.4800E+00     0.1982E-02     0.2175E-02     0.7382E-02     0.4159E-01     0.5061E+02     0.8162E+00     0.5152E+02
   366    12    31  1976     209     209  cha209               0.2143E+00     0.3444E-04     0.2143E+00     0.6856E+01     0.4106E+04     0.2227E+04     0.2053E+04     0.0000E+00     0.1879E+04     0.0000E+00     0.4616E+02     0.1282E+03     0.1507E+02     0.8390E+00     0.1000E-02     0.0000E+00     0.3099E-01     0.2324E-01     0.5395E+02     0.8672E-02     0.5396E+02
   366    12    31  1976     210     210  cha210               0.1351E-01     0.2129E-04     0.1355E-01     0.4323E+00     0.3008E+03     0.2163E+03     0.1504E+03     0.0000E+00     0.8446E+02     0.2232E+02     0.8693E+01     0.3492E+02     0.6106E+01     0.5132E+00     0.1917E-02     0.2131E-02     0.8845E-02     0.2609E-01     0.4392E+02     0.6920E-01     0.4406E+02
   366    12    31  1976     211     211  cha211               0.9340E-01     0.5082E-04     0.9345E-01     0.2989E+01     0.2167E+04     0.1641E+04     0.1083E+04     0.0000E+00     0.5516E+03     0.4114E+03     0.8177E+02     0.6481E+02     0.1107E+02     0.9052E+00     0.2389E-02     0.1918E-01     0.4277E-01     0.1460E-01     0.6023E+02     0.3277E-01     0.6026E+02
   366    12    31  1976     212     212  cha212               0.2136E-01     0.6364E-04     0.2149E-01     0.6837E+00     0.5149E+03     0.4543E+03     0.2575E+03     0.0000E+00     0.6471E+02     0.9833E+02     0.2542E+02     0.7310E+02     0.7338E+01     0.5783E+00     0.1955E-02     0.3325E-02     0.9793E-02     0.3964E-01     0.4085E+02     0.1217E+00     0.4109E+02
   366    12    31  1976     213     213  cha213               0.1121E-01     0.3400E-03     0.1141E-01     0.3587E+00     0.1401E+03     0.4640E+03     0.7005E+02     0.0000E+00     0.1557E-01     0.2736E+03     0.6737E+02     0.5300E+02     0.4534E+01     0.4394E+00     0.2985E-02     0.4913E-02     0.1104E-01     0.5890E-01     0.8533E+02     0.2588E+01     0.8689E+02
   366    12    31  1976     214     214  cha214               0.2162E+00     0.9650E-06     0.2163E+00     0.6919E+01     0.2250E+04     0.1287E+04     0.1125E+04     0.0000E+00     0.9631E+03     0.0000E+00     0.3287E+02     0.1292E+03     0.1514E+02     0.8420E+00     0.1000E-02     0.0000E+00     0.3111E-01     0.2323E-01     0.5369E+02     0.2396E-03     0.5370E+02
   366    12    31  1976     215     215  cha215               0.1651E-01     0.1657E-03     0.1666E-01     0.5285E+00     0.2399E+03     0.4714E+03     0.1200E+03     0.0000E+00     0.1059E+00     0.2377E+03     0.6151E+02     0.5220E+02     0.6553E+01     0.5678E+00     0.2945E-02     0.5777E-02     0.1556E-01     0.3324E-01     0.4504E+02     0.4519E+00     0.4543E+02
   366    12    31  1976     216     216  cha216               0.9561E-01     0.2167E-03     0.9611E-01     0.3060E+01     0.1642E+04     0.1135E+04     0.8212E+03     0.0000E+00     0.5271E+03     0.0000E+00     0.2652E+03     0.4881E+02     0.1100E+02     0.6940E+00     0.1000E-02     0.0000E+00     0.1942E-01     0.1459E-01     0.5868E+02     0.1330E+00     0.5899E+02
   366    12    31  1976     217     217  cha217               0.1422E+00     0.1039E-03     0.1425E+00     0.4550E+01     0.1033E+04     0.8074E+03     0.5167E+03     0.0000E+00     0.2454E+03     0.0000E+00     0.2128E+03     0.7798E+02     0.1314E+02     0.7730E+00     0.1000E-02     0.0000E+00     0.2427E-01     0.1745E-01     0.5261E+02     0.3845E-01     0.5273E+02
   366    12    31  1976     218     218  cha218               0.1481E-01     0.2588E-03     0.1497E-01     0.4739E+00     0.3909E+03     0.4051E+03     0.1955E+03     0.0000E+00     0.1594E+02     0.1176E+03     0.3951E+02     0.5249E+02     0.6076E+01     0.5156E+00     0.1978E-02     0.2572E-02     0.9167E-02     0.3912E-01     0.4896E+02     0.8555E+00     0.4948E+02
   366    12    31  1976     219     219  cha219               0.1277E+00     0.2204E-03     0.1282E+00     0.4087E+01     0.1215E+04     0.1136E+04     0.6075E+03     0.0000E+00     0.9768E+02     0.0000E+00     0.1955E+03     0.3332E+03     0.1307E+02     0.7730E+00     0.1000E-02     0.0000E+00     0.1915E-01     0.7542E-01     0.4741E+02     0.8184E-01     0.4761E+02
   366    12    31  1976     220     220  cha220               0.1861E-01     0.1655E-03     0.1869E-01     0.5956E+00     0.5334E+03     0.5173E+03     0.2667E+03     0.0000E+00     0.3004E+02     0.1523E+03     0.3854E+02     0.5983E+02     0.6898E+01     0.5877E+00     0.2899E-02     0.6119E-02     0.1640E-01     0.3474E-01     0.4389E+02     0.3902E+00     0.4408E+02
   366    12    31  1976     221     221  cha221               0.1002E+00     0.3320E-04     0.1003E+00     0.3206E+01     0.1672E+04     0.1310E+04     0.8361E+03     0.0000E+00     0.3892E+03     0.3334E+03     0.7936E+02     0.6128E+02     0.1148E+02     0.8314E+00     0.1736E-02     0.1130E-01     0.3363E-01     0.1459E-01     0.5648E+02     0.1872E-01     0.5652E+02
   366    12    31  1976     222     222  cha222               0.3266E-01     0.5673E-04     0.3268E-01     0.1045E+01     0.1099E+04     0.9660E+03     0.5493E+03     0.0000E+00     0.1479E+03     0.1909E+03     0.3642E+02     0.1894E+03     0.7360E+01     0.7308E+00     0.4227E-02     0.1890E-01     0.3284E-01     0.8271E-01     0.6764E+02     0.1175E+00     0.6769E+02
   366    12    31  1976     223     223  cha223               0.1868E-01     0.2100E-03     0.1879E-01     0.5977E+00     0.9983E+03     0.7732E+03     0.4991E+03     0.0000E+00     0.2419E+03     0.1485E+03     0.4155E+02     0.8405E+02     0.6226E+01     0.5201E+00     0.1978E-02     0.3515E-02     0.1051E-01     0.5852E-01     0.5706E+02     0.6415E+00     0.5741E+02
   366    12    31  1976     224     224  cha224               0.3455E+00     0.1936E-03     0.3459E+00     0.1106E+02     0.2424E+04     0.1772E+04     0.1212E+04     0.0000E+00     0.7519E+03     0.0000E+00     0.2790E+03     0.2804E+03     0.1818E+02     0.9400E+00     0.1000E-02     0.0000E+00     0.3962E-01     0.3752E-01     0.5121E+02     0.2869E-01     0.5126E+02
   366    12    31  1976     225     225  cha225               0.2184E-01     0.1137E-03     0.2191E-01     0.6990E+00     0.5389E+03     0.3431E+03     0.2695E+03     0.0000E+00     0.1969E+03     0.0000E+00     0.9455E+01     0.6417E+02     0.7151E+01     0.5380E+00     0.1000E-02     0.0000E+00     0.5872E-02     0.3814E-01     0.4432E+02     0.2308E+00     0.4445E+02
   366    12    31  1976     226     226  cha226               0.1342E+00     0.1121E-04     0.1342E+00     0.4296E+01     0.2172E+04     0.1159E+04     0.1086E+04     0.0000E+00     0.1020E+04     0.0000E+00     0.3290E+01     0.6967E+02     0.1276E+02     0.7600E+00     0.1000E-02     0.0000E+00     0.2357E-01     0.1642E-01     0.5396E+02     0.4504E-02     0.5396E+02
   366    12    31  1976     227     227  cha227               0.3948E-01     0.5601E-04     0.3954E-01     0.1263E+01     0.1256E+04     0.1340E+04     0.6279E+03     0.0000E+00     0.2148E+02     0.4206E+03     0.8139E+02     0.2096E+03     0.7766E+01     0.7337E+00     0.3679E-02     0.1783E-01     0.3285E-01     0.8671E-01     0.6955E+02     0.9867E-01     0.6965E+02
   366    12    31  1976     228     228  cha228               0.2530E-01     0.2154E-03     0.2570E-01     0.8095E+00     0.1010E+04     0.1287E+04     0.5048E+03     0.0000E+00     0.6860E+02     0.5519E+03     0.1461E+03     0.8448E+02     0.7314E+01     0.5781E+00     0.1989E-02     0.4367E-02     0.1300E-01     0.4528E-01     0.4899E+02     0.4172E+00     0.4976E+02
   366    12    31  1976     229     229  cha229               0.3494E+00     0.6044E-03     0.3498E+00     0.1118E+02     0.1800E+04     0.1449E+04     0.9002E+03     0.0000E+00     0.4003E+03     0.0000E+00     0.2670E+03     0.2820E+03     0.1823E+02     0.9410E+00     0.1000E-02     0.0000E+00     0.4000E-01     0.3758E-01     0.5137E+02     0.8885E-01     0.5143E+02
   366    12    31  1976     230     230  cha230               0.2469E-01     0.4967E-03     0.2489E-01     0.7900E+00     0.3449E+03     0.8450E+03     0.1724E+03     0.0000E+00     0.3846E-01     0.4804E+03     0.1094E+03     0.8276E+02     0.7561E+01     0.6311E+00     0.2946E-02     0.7912E-02     0.1947E-01     0.4062E-01     0.4498E+02     0.9049E+00     0.4535E+02
   366    12    31  1976     231     231  cha231               0.1392E+00     0.1912E-03     0.1395E+00     0.4455E+01     0.1357E+04     0.9646E+03     0.6786E+03     0.0000E+00     0.4209E+03     0.0000E+00     0.1853E+03     0.1007E+03     0.1300E+02     0.7680E+00     0.1000E-02     0.0000E+00     0.2402E-01     0.2297E-01     0.5313E+02     0.7296E-01     0.5323E+02
   366    12    31  1976     232     232  cha232               0.4221E-01     0.4870E-04     0.4233E-01     0.1351E+01     0.1389E+04     0.9064E+03     0.6945E+03     0.0000E+00     0.4826E+03     0.0000E+00     0.3560E+02     0.1763E+03     0.7800E+01     0.5660E+00     0.1000E-02     0.0000E+00     0.9776E-02     0.9132E-01     0.6756E+02     0.7796E-01     0.6776E+02
   366    12    31  1976     233     233  cha233               0.2004E-01     0.2915E-04     0.2009E-01     0.6413E+00     0.7782E+03     0.4534E+03     0.3891E+03     0.0000E+00     0.3248E+03     0.0000E+00     0.4553E+01     0.5976E+02     0.7108E+01     0.5370E+00     0.1000E-02     0.0000E+00     0.4512E-02     0.3576E-01     0.4113E+02     0.5982E-01     0.4123E+02
   366    12    31  1976     234     234  cha234               0.3883E+00     0.2789E-04     0.3884E+00     0.1243E+02     0.2375E+04     0.1501E+04     0.1187E+04     0.0000E+00     0.8877E+03     0.0000E+00     0.8190E+02     0.2322E+03     0.1874E+02     0.9570E+00     0.1000E-02     0.0000E+00     0.4302E-01     0.2959E-01     0.5293E+02     0.3802E-02     0.5295E+02
   366    12    31  1976     235     235  cha235               0.3141E-01     0.1985E-03     0.3155E-01     0.1005E+01     0.2012E+04     0.1112E+04     0.1006E+04     0.0000E+00     0.8995E+03     0.0000E+00     0.3093E+02     0.7565E+02     0.8191E+01     0.5840E+00     0.1000E-02     0.0000E+00     0.7358E-02     0.3613E-01     0.4342E+02     0.2744E+00     0.4362E+02
   366    12    31  1976     236     236  cha236               0.1577E+00     0.2088E-04     0.1578E+00     0.5047E+01     0.1400E+04     0.7911E+03     0.7001E+03     0.0000E+00     0.6145E+03     0.0000E+00     0.2540E+02     0.6564E+02     0.1356E+02     0.7880E+00     0.1000E-02     0.0000E+00     0.2569E-01     0.1401E-01     0.5347E+02     0.7077E-02     0.5348E+02
   366    12    31  1976     237     237  cha237               0.7801E-02     0.2128E-04     0.7827E-02     0.2496E+00     0.2964E+03     0.2320E+03     0.1482E+03     0.0000E+00     0.6465E+02     0.3989E+02     0.9517E+01     0.3441E+02     0.4776E+01     0.4610E+00     0.3851E-02     0.5393E-02     0.1180E-01     0.3472E-01     0.5144E+02     0.1403E+00     0.5161E+02
   366    12    31  1976     238     238  cha238               0.3988E+00     0.1034E-02     0.3995E+00     0.1276E+02     0.1589E+04     0.1569E+04     0.7946E+03     0.0000E+00     0.2343E+03     0.0000E+00     0.4643E+03     0.3099E+03     0.1885E+02     0.9600E+00     0.1000E-02     0.0000E+00     0.4382E-01     0.3909E-01     0.5349E+02     0.1386E+00     0.5359E+02
   366    12    31  1976     239     239  cha239               0.4122E+00     0.1055E-02     0.4127E+00     0.1319E+02     0.1893E+04     0.1627E+04     0.9464E+03     0.0000E+00     0.3039E+03     0.0000E+00     0.3607E+03     0.3198E+03     0.1898E+02     0.9640E+00     0.1000E-02     0.0000E+00     0.4481E-01     0.3989E-01     0.5425E+02     0.1389E+00     0.5432E+02
   366    12    31  1976     240     240  cha240               0.1615E+00     0.1247E-03     0.1617E+00     0.5167E+01     0.9151E+03     0.2910E+04     0.4576E+03     0.0000E+00     0.3001E+01     0.2003E+04     0.3734E+03     0.7577E+02     0.1391E+02     0.9865E+00     0.1861E-02     0.1900E-01     0.4525E-01     0.1411E-01     0.5304E+02     0.4095E-01     0.5312E+02
   366    12    31  1976     241     241  cha241               0.1005E-01     0.8759E-04     0.1019E-01     0.3216E+00     0.3348E+03     0.3044E+03     0.1674E+03     0.0000E+00     0.3485E+02     0.7392E+02     0.2494E+02     0.3819E+02     0.5270E+01     0.4613E+00     0.1989E-02     0.2001E-02     0.6872E-02     0.3544E-01     0.4874E+02     0.4248E+00     0.4942E+02
   366    12    31  1976     242     242  cha242               0.4647E+00     0.6486E-03     0.4651E+00     0.1487E+02     0.3229E+04     0.2140E+04     0.1614E+04     0.0000E+00     0.1098E+04     0.0000E+00     0.3258E+03     0.1999E+03     0.1996E+02     0.9930E+00     0.1000E-02     0.0000E+00     0.4756E-01     0.2278E-01     0.5302E+02     0.7402E-01     0.5307E+02
   366    12    31  1976     243     243  cha243               0.4470E-01     0.9383E-04     0.4478E-01     0.1430E+01     0.1019E+04     0.1455E+04     0.5094E+03     0.0000E+00     0.8486E+01     0.6029E+03     0.1133E+03     0.2294E+03     0.8324E+01     0.7727E+00     0.3714E-02     0.1948E-01     0.3549E-01     0.8445E-01     0.6473E+02     0.1359E+00     0.6485E+02
   366    12    31  1976     244     244  cha244               0.7625E-01     0.6278E-04     0.7642E-01     0.2440E+01     0.2130E+04     0.1945E+04     0.1065E+04     0.0000E+00     0.2358E+03     0.5477E+03     0.1106E+03     0.2217E+03     0.1057E+02     0.7790E+00     0.1890E-02     0.1016E-01     0.2501E-01     0.6305E-01     0.5313E+02     0.4374E-01     0.5325E+02
   366    12    31  1976     245     245  cha245               0.4765E+00     0.3305E-03     0.4768E+00     0.1525E+02     0.2788E+04     0.1813E+04     0.1394E+04     0.0000E+00     0.9747E+03     0.0000E+00     0.2119E+03     0.2074E+03     0.2006E+02     0.9960E+00     0.1000E-02     0.0000E+00     0.4833E-01     0.2344E-01     0.5362E+02     0.3719E-01     0.5366E+02
   366    12    31  1976     246     246  cha246               0.4767E-01     0.1587E-04     0.4769E-01     0.1525E+01     0.1584E+04     0.1041E+04     0.7920E+03     0.0000E+00     0.5433E+03     0.5620E+02     0.1493E+02     0.1775E+03     0.8425E+01     0.6534E+00     0.1691E-02     0.5965E-02     0.1831E-01     0.7427E-01     0.6300E+02     0.2098E-01     0.6303E+02
   366    12    31  1976     247     247  cha247               0.1901E+00     0.9441E-05     0.1901E+00     0.6083E+01     0.1674E+04     0.1615E+04     0.8368E+03     0.0000E+00     0.3400E+03     0.5362E+03     0.9057E+02     0.1510E+03     0.1467E+02     0.1098E+01     0.1968E-02     0.2473E-01     0.5131E-01     0.2232E-01     0.5443E+02     0.2703E-02     0.5445E+02
   366    12    31  1976     248     248  cha248               0.4879E+00     0.1368E-02     0.4886E+00     0.1561E+02     0.2155E+04     0.1835E+04     0.1078E+04     0.0000E+00     0.4233E+03     0.0000E+00     0.5427E+03     0.2149E+03     0.2018E+02     0.1000E+01     0.1000E-02     0.0000E+00     0.4904E-01     0.2405E-01     0.5402E+02     0.1515E+00     0.5411E+02
   366    12    31  1976     249     249  cha249               0.1634E+00     0.1125E-05     0.1635E+00     0.5230E+01     0.3045E+04     0.1597E+04     0.1522E+04     0.0000E+00     0.1448E+04     0.0000E+00     0.5345E+01     0.6879E+02     0.1379E+02     0.7960E+00     0.1000E-02     0.0000E+00     0.2612E-01     0.1444E-01     0.5282E+02     0.3635E-03     0.5282E+02
   366    12    31  1976     250     250  cha250               0.1982E+00     0.4905E-04     0.1983E+00     0.6343E+01     0.2384E+04     0.2134E+04     0.1192E+04     0.0000E+00     0.4506E+03     0.6692E+03     0.1260E+03     0.1466E+03     0.1472E+02     0.1009E+01     0.1597E-02     0.1793E-01     0.4464E-01     0.2330E-01     0.5514E+02     0.1365E-01     0.5517E+02
   366    12    31  1976     251     251  cha251               0.1744E+00     0.1092E-03     0.1746E+00     0.5580E+01     0.2476E+04     0.1453E+04     0.1238E+04     0.0000E+00     0.1023E+04     0.0000E+00     0.1399E+03     0.7547E+02     0.1408E+02     0.8060E+00     0.1000E-02     0.0000E+00     0.2717E-01     0.1533E-01     0.5316E+02     0.3330E-01     0.5322E+02
   366    12    31  1976     252     252  cha252               0.8336E-01     0.1502E-03     0.8357E-01     0.2667E+01     0.2194E+04     0.1372E+04     0.1097E+04     0.0000E+00     0.8216E+03     0.0000E+00     0.6414E+02     0.2111E+03     0.1101E+02     0.6970E+00     0.1000E-02     0.0000E+00     0.1380E-01     0.6287E-01     0.5010E+02     0.9024E-01     0.5022E+02
   366    12    31  1976     253     253  cha253               0.4959E-01     0.5492E-04     0.4969E-01     0.1587E+01     0.1076E+04     0.7242E+03     0.5378E+03     0.0000E+00     0.3513E+03     0.0000E+00     0.3188E+02     0.1546E+03     0.8510E+01     0.5970E+00     0.1000E-02     0.0000E+00     0.1085E-01     0.6963E-01     0.6203E+02     0.6870E-01     0.6215E+02
   366    12    31  1976     254     254  cha254               0.2001E+00     0.3004E-03     0.2005E+00     0.6402E+01     0.2135E+04     0.1525E+04     0.1067E+04     0.0000E+00     0.6486E+03     0.0000E+00     0.3349E+03     0.1225E+03     0.1463E+02     0.8240E+00     0.1000E-02     0.0000E+00     0.2964E-01     0.2329E-01     0.5480E+02     0.8230E-01     0.5493E+02
   366    12    31  1976     255     255  cha255               0.5377E-01     0.2066E-03     0.5408E-01     0.1721E+01     0.7694E+03     0.1675E+04     0.3847E+03     0.0000E+00     0.2854E+00     0.9120E+03     0.2103E+03     0.1683E+03     0.8955E+01     0.6947E+00     0.1962E-02     0.8406E-02     0.2238E-01     0.6299E-01     0.6018E+02     0.2312E+00     0.6054E+02
   366    12    31  1976     256     256  cha256               0.8726E-01     0.3139E-03     0.8764E-01     0.2792E+01     0.1392E+04     0.1022E+04     0.6960E+03     0.0000E+00     0.3744E+03     0.0000E+00     0.1236E+03     0.2025E+03     0.1123E+02     0.7050E+00     0.1000E-02     0.0000E+00     0.1447E-01     0.5851E-01     0.4968E+02     0.1787E+00     0.4990E+02
   366    12    31  1976     257     257  cha257               0.1766E+00     0.1107E-03     0.1769E+00     0.5653E+01     0.1495E+04     0.9953E+03     0.7473E+03     0.0000E+00     0.5018E+03     0.0000E+00     0.1709E+03     0.7713E+02     0.1418E+02     0.8090E+00     0.1000E-02     0.0000E+00     0.2736E-01     0.1550E-01     0.5282E+02     0.3309E-01     0.5290E+02
   366    12    31  1976     258     258  cha258               0.2036E+00     0.7888E-04     0.2037E+00     0.6515E+01     0.1630E+04     0.1006E+04     0.8151E+03     0.0000E+00     0.6242E+03     0.0000E+00     0.6700E+02     0.1239E+03     0.1474E+02     0.8280E+00     0.1000E-02     0.0000E+00     0.3004E-01     0.2328E-01     0.5463E+02     0.2116E-01     0.5466E+02
   366    12    31  1976     259     259  cha259               0.2068E+00     0.3927E-03     0.2071E+00     0.6616E+01     0.1078E+04     0.9103E+03     0.5392E+03     0.0000E+00     0.1850E+03     0.0000E+00     0.2460E+03     0.1251E+03     0.1483E+02     0.8310E+00     0.1000E-02     0.0000E+00     0.3036E-01     0.2327E-01     0.5444E+02     0.1034E+00     0.5453E+02
   366    12    31  1976     260     260  cha260               0.9084E-01     0.1501E-03     0.9114E-01     0.2907E+01     0.1082E+04     0.2116E+04     0.5412E+03     0.0000E+00     0.5397E+01     0.1103E+04     0.2150E+03     0.2559E+03     0.1154E+02     0.8286E+00     0.1923E-02     0.1154E-01     0.2817E-01     0.6308E-01     0.4940E+02     0.8164E-01     0.4956E+02
   366    12    31  1976     261     261  cha261               0.1074E+00     0.7760E-04     0.1078E+00     0.3438E+01     0.2522E+04     0.1650E+04     0.1261E+04     0.0000E+00     0.8720E+03     0.0000E+00     0.1482E+03     0.2415E+03     0.1216E+02     0.7400E+00     0.1000E-02     0.0000E+00     0.1714E-01     0.6154E-01     0.4902E+02     0.3541E-01     0.4921E+02
   366    12    31  1976     262     262  cha262               0.1092E+00     0.6542E-05     0.1092E+00     0.3493E+01     0.1664E+04     0.9926E+03     0.8319E+03     0.0000E+00     0.6711E+03     0.0000E+00     0.5684E+01     0.1551E+03     0.1221E+02     0.7410E+00     0.1000E-02     0.0000E+00     0.1740E-01     0.3941E-01     0.4921E+02     0.2950E-02     0.4922E+02
