 2_stage                   SWAT+ Jun 17  2020    MODULAR Rev 2020.60.4                                    
       year     plant_no   plant_name       harv_area(ha)    yld(t)         yld(t/ha)      
        2006           1 corn               0.00000000       0.00000000       0.00000000    
        2006           2 soyb               0.00000000       0.00000000       0.00000000    
        2006           3 cang               0.00000000       0.00000000       0.00000000    
        2007           1 corn               0.00000000       0.00000000       0.00000000    
        2007           2 soyb               0.00000000       0.00000000       0.00000000    
        2007           3 cang               0.00000000       0.00000000       0.00000000    
        2008           1 corn               0.00000000       0.00000000       0.00000000    
        2008           2 soyb               0.00000000       0.00000000       0.00000000    
        2008           3 cang               0.00000000       0.00000000       0.00000000    
        2009           1 corn               0.00000000       0.00000000       0.00000000    
        2009           2 soyb               0.00000000       0.00000000       0.00000000    
        2009           3 cang               0.00000000       0.00000000       0.00000000    
        2010           1 corn               0.00000000       0.00000000       0.00000000    
        2010           2 soyb               0.00000000       0.00000000       0.00000000    
        2010           3 cang               0.00000000       0.00000000       0.00000000    
        2011           1 corn               0.00000000       0.00000000       0.00000000    
        2011           2 soyb               0.00000000       0.00000000       0.00000000    
        2011           3 cang               0.00000000       0.00000000       0.00000000    
        2012           1 corn               0.00000000       0.00000000       0.00000000    
        2012           2 soyb               0.00000000       0.00000000       0.00000000    
        2012           3 cang               0.00000000       0.00000000       0.00000000    
        2013           1 corn               0.00000000       0.00000000       0.00000000    
        2013           2 soyb               0.00000000       0.00000000       0.00000000    
        2013           3 cang               0.00000000       0.00000000       0.00000000    
        2014           1 corn               0.00000000       0.00000000       0.00000000    
        2014           2 soyb               0.00000000       0.00000000       0.00000000    
        2014           3 cang               0.00000000       0.00000000       0.00000000    
