 2_stage                   SWAT+ Jun 17  2020    MODULAR Rev 2020.60.4                                    
   jday   mon   day    yr   unit  gis_id  name                     lai       bioms       yield     residue     sol_tmp       strsw       strsa     strstmp       strsn       strsp        nplt       percn       pplnt         tmx         tmn       tmpav     solarad      wndspd        rhum     phubas0
                                                             m**2/m**2        kgha        kgha        kgha        degc         ---         ---         ---         ---         ---        kgha        kgha        kgha        degc        degc        degc      mj/m^2         m/s        frac        degc
    31     1    31  2006       1       1  2_stage                0.500     500.000       0.000    2653.259       1.554       0.000       0.000       0.000       0.000       0.000       0.000       0.000       0.000       6.055      -1.316       2.369       7.120       0.000       0.000       0.011
    59     2    28  2006       1       1  2_stage                0.500     500.108       0.000    2187.091      -0.324       0.000       0.000      12.494       6.954       0.000       0.110       0.000       0.000       3.068      -6.839      -1.886      10.810       0.000       0.000       0.029
    90     3    31  2006       1       1  2_stage                0.500     529.477       0.000    2009.468       2.395       0.000       0.000      13.612      12.251       0.000       0.101       0.002       0.000       7.887      -1.792       3.048      15.000       0.000       0.000       0.045
   120     4    30  2006       1       1  2_stage                0.502     655.527       0.000    1497.745       9.673       3.920       0.000       5.474      10.600       0.000       0.193       0.003       0.000      18.468       4.595      11.532      17.930       0.000       0.000       0.110
   151     5    31  2006       1       1  2_stage                0.505     780.763       0.000    1101.150      12.202       2.754       0.000       3.775      14.369       0.000       0.062       0.005       0.000      19.639       8.481      14.060      20.780       0.000       0.000       0.217
   181     6    30  2006       1       1  2_stage                0.510     964.981       0.000     767.130      18.601       7.777       0.000       0.227       8.194       0.000       0.117       0.006       0.000      26.350      14.093      20.222      22.840       0.000       0.000       0.370
   212     7    31  2006       1       1  2_stage                0.504    1793.727       0.000     494.790      20.868       3.961       0.000       0.059       0.000       0.196       0.003       0.006       0.000      28.589      17.850      23.219      23.210       0.000       0.000       0.557
   243     8    31  2006       1       1  2_stage                0.257    3044.193       0.000     323.065      20.459       3.506       0.000       0.110       0.000       1.536       0.000       0.008       0.000      27.242      16.355      21.798      20.410       0.000       0.000       0.761
   273     9    30  2006       1       1  2_stage                0.019    3341.511       0.000     214.301      15.558       0.000       0.000       0.824       0.000       1.339       0.000       0.010       0.000      21.443      10.543      15.993      15.920       0.000       0.000       0.926
   304    10    31  2006       1       1  2_stage                0.006    3366.781       0.000     155.556       8.820       0.000       0.000       0.000       0.000       0.000       0.000       0.012       0.000      14.713       3.719       9.216      11.100       0.000       0.000       1.035
   334    11    30  2006       1       1  2_stage                0.006    3366.781       0.000    1560.634       4.481       0.000       0.000       0.000       0.000       0.000       0.000       0.014       0.000      10.133       1.245       5.689       7.160       0.000       0.000       1.090
   365    12    31  2006       1       1  2_stage                0.006    3366.781       0.000    1623.567       1.380       0.000       0.000       0.000       0.000       0.000       0.000       0.055       0.000       5.974      -2.661       1.656       5.660       0.000       0.000       0.834
    31     1    31  2007       1       1  2_stage                0.006    3366.781       0.000    1263.520       0.808       0.000       0.000       0.000       0.000       0.000       0.000       0.312       0.000       1.818      -5.161      -1.672       7.120       0.000       0.000       0.010
    59     2    28  2007       1       1  2_stage                0.006    3366.781       0.000    1207.748      -6.670       0.000      12.452      12.500       4.415      12.050       0.012       0.479       0.000      -4.516     -13.988      -9.252      10.810       0.000       0.000       0.012
    90     3    31  2007       1       1  2_stage                0.007    3366.781       0.000    1144.521       2.857       0.000      15.441      10.461       5.702      15.500       0.022       1.011       0.000      11.227       0.032       5.630      15.000       0.000       0.000       0.030
   120     4    30  2007       1       1  2_stage                0.010    3366.781       0.000     865.453       7.467       0.000      14.943       8.390       5.518      15.000       0.032       1.838       0.000      13.502       2.163       7.832      17.930       0.000       0.000       0.098
   151     5    31  2007       1       1  2_stage                0.016    3366.781       0.000     636.700      15.205       0.000      15.432       1.100       7.731      15.500       0.038       2.188       0.000      24.895      10.661      17.778      20.780       0.000       0.000       0.216
   181     6    30  2007       1       1  2_stage                0.026    3367.571       0.000     466.690      19.471       0.000      14.832       0.225       6.741      12.125       0.049       2.007       0.000      27.878      14.980      21.429      22.840       0.000       0.000       0.388
   212     7    31  2007       1       1  2_stage                0.031    3369.633       0.000     342.018      19.674       0.000      15.418       0.124       0.000       3.603       0.002       2.149       0.000      27.745      14.926      21.335      23.210       0.000       0.000       0.574
   243     8    31  2007       1       1  2_stage                0.017    3370.608       0.000     249.469      20.320       0.000      15.431       0.093       0.000       1.139       0.000       2.369       0.000      28.679      16.947      22.813      20.410       0.000       0.000       0.771
   273     9    30  2007       1       1  2_stage                0.005    3370.960       0.000     183.051      17.099       0.000      14.929       0.029       0.000       0.240       0.000       2.514       0.000      26.065      12.237      19.151      15.920       0.000       0.000       0.951
   304    10    31  2007       1       1  2_stage                0.005    3370.976       0.000     134.597      13.315       0.000      15.441       0.000       0.000       0.000       0.000       2.665       0.000      21.200       8.411      14.806      11.100       0.000       0.000       1.104
   334    11    30  2007       1       1  2_stage                0.005    3370.976       0.000    1760.125       4.639       0.000       3.487       0.000       0.000       0.000       0.000       2.623       0.000       9.455      -0.702       4.377       7.160       0.000       0.000       1.181
   365    12    31  2007       1       1  2_stage                0.005    3370.976       0.000    1962.829      -0.697       0.000       0.000       0.000       0.000       0.000       0.000       2.546       0.000       1.289      -5.035      -1.873       5.660       0.000       0.000       0.888
    31     1    31  2008       1       1  2_stage                0.005    3370.976       0.000    1884.915      -2.206       0.000       0.000       0.000       0.000       0.000       0.000       2.986       0.000       0.940      -8.502      -3.781       7.120       0.000       0.000       0.010
    60     2    29  2008       1       1  2_stage                0.005    3370.976       0.000    1846.156      -3.835       0.000      12.951      12.999       4.598      12.523       0.011       3.012       0.000      -0.614      -9.210      -4.912      10.810       0.000       0.000       0.016
    91     3    31  2008       1       1  2_stage                0.005    3370.976       0.000    1786.234       0.238       0.000      15.441      15.234       5.702      15.500       0.021       4.161       0.000       6.015      -3.424       1.295      15.000       0.000       0.000       0.025
   121     4    30  2008       1       1  2_stage                0.007    3370.976       0.000    1377.648       8.565       0.000      14.943       7.378       5.518      15.000       0.030       4.638       0.000      16.663       4.090      10.377      17.930       0.000       0.000       0.076
   152     5    31  2008       1       1  2_stage                0.013    3370.976       0.000    1014.195      11.852       0.000      15.441       3.542      11.121      15.500       0.019       4.824       0.000      19.116       6.984      13.050      20.780       0.000       0.000       0.182
   182     6    30  2008       1       1  2_stage                0.022    3371.207       0.000     746.201      18.343       0.000      14.943       0.173       8.874      12.583       0.041       4.456       0.000      26.793      15.408      21.101      22.840       0.000       0.000       0.334
   213     7    31  2008       1       1  2_stage                0.032    3372.053       0.000     549.278      19.701       0.000      15.440       0.101       2.214       4.702       0.007       4.192       0.000      28.163      15.679      21.921      23.210       0.000       0.000       0.515
   244     8    31  2008       1       1  2_stage                0.026    3372.921       0.000     402.214      19.186       0.000      15.437       0.137       0.000       1.097       0.000       3.978       0.000      27.652      14.506      21.079      20.410       0.000       0.000       0.707
   274     9    30  2008       1       1  2_stage                0.007    3373.441       0.000     295.952      17.032       0.000      14.924       0.334       0.000       0.558       0.000       3.796       0.000      25.512      12.577      19.044      15.920       0.000       0.000       0.882
   305    10    31  2008       1       1  2_stage                0.005    3373.610       0.000     217.872      10.536       0.000      15.440       0.000       0.000       0.000       0.000       3.891       0.000      16.761       4.565      10.663      11.100       0.000       0.000       1.013
   335    11    30  2008       1       1  2_stage                0.005    3373.610       0.000    1905.825       3.993       0.000       2.989       0.000       0.000       0.000       0.000       3.716       0.000       8.525      -0.847       3.839       7.160       0.000       0.000       1.083
   366    12    31  2008       1       1  2_stage                0.005    3373.610       0.000    2219.665      -3.177       0.000       0.000       0.000       0.000       0.000       0.000       3.407       0.000       0.990      -8.406      -3.708       5.660       0.000       0.000       0.791
    31     1    31  2009       1       1  2_stage                0.005    3373.610       0.000    2219.665      -5.604       0.000       0.000       0.000       0.000       0.000       0.000       2.819       0.000      -4.347     -13.129      -8.738       7.120       0.000       0.000       0.000
    59     2    28  2009       1       1  2_stage                0.005    3373.610       0.000    2219.665      -3.045       0.000      12.452      12.069       4.415      12.017       0.011       3.041       0.000       3.345      -7.250      -1.953      10.810       0.000       0.000       0.006
    90     3    31  2009       1       1  2_stage                0.007    3373.610       0.000    2004.549       3.626       0.000      15.441      11.966      11.306      15.500       0.009       5.237       0.000      10.744      -1.531       4.606      15.000       0.000       0.000       0.037
   120     4    30  2009       1       1  2_stage                0.009    3373.610       0.000    1483.042       7.723       0.000      14.943       9.453       9.889      15.000       0.017       6.092       0.000      14.297       3.967       9.132      17.930       0.000       0.000       0.095
   151     5    31  2009       1       1  2_stage                0.016    3373.775       0.000    1091.784      13.558       0.000      15.441       2.202      13.591      14.827       0.009       6.269       0.000      21.481       9.015      15.248      20.780       0.000       0.000       0.205
   181     6    30  2009       1       1  2_stage                0.026    3374.481       0.000     803.335      17.799       0.000      14.924       0.311      12.334       9.581       0.010       5.534       0.000      25.835      15.132      20.483      22.840       0.000       0.000       0.358
   212     7    31  2009       1       1  2_stage                0.035    3375.788       0.000     591.397      18.577       0.000      15.432       0.227       0.089       2.847       0.003       4.868       0.000      25.424      13.782      19.603      23.210       0.000       0.000       0.536
   243     8    31  2009       1       1  2_stage                0.026    3376.685       0.000     433.096      18.909       0.000      15.440       0.230       0.000       0.755       0.000       4.971       0.000      26.331      15.103      20.717      20.410       0.000       0.000       0.718
   273     9    30  2009       1       1  2_stage                0.007    3377.169       0.000     318.689      15.795       0.000      14.940       0.414       0.000       0.407       0.000       4.881       0.000      23.248      12.252      17.750      15.920       0.000       0.000       0.882
   304    10    31  2009       1       1  2_stage                0.005    3377.303       0.000     234.613       8.701       0.000      15.441       0.000       0.000       0.000       0.000       4.890       0.000      13.592       4.382       8.987      11.100       0.000       0.000       0.992
   334    11    30  2009       1       1  2_stage                0.005    3377.302       0.000    1832.805       6.339       0.000       3.487       0.000       0.000       0.000       0.000       4.594       0.000      11.762       2.167       6.964       7.160       0.000       0.000       1.065
   365    12    31  2009       1       1  2_stage                0.005    3377.303       0.000    1925.861      -0.202       0.000       0.000       0.000       0.000       0.000       0.000       4.313       0.000       1.015      -5.874      -2.430       5.660       0.000       0.000       0.810
    31     1    31  2010       1       1  2_stage                0.005    3377.303       0.000    1903.004      -3.065       0.000       0.000       0.000       0.000       0.000       0.000       4.004       0.000      -2.060      -8.918      -5.489       7.120       0.000       0.000       0.001
    59     2    28  2010       1       1  2_stage                0.005    3377.302       0.000    1903.004      -2.872       0.000      12.452      12.500       9.586      11.435       0.004       3.488       0.000      -0.252      -7.664      -3.958      10.810       0.000       0.000       0.003
    90     3    31  2010       1       1  2_stage                0.006    3377.359       0.000    1758.042       4.005       0.000      15.441      12.111      13.594      14.608       0.004       5.408       0.000      11.242       0.174       5.708      15.000       0.000       0.000       0.027
   120     4    30  2010       1       1  2_stage                0.011    3377.621       0.000    1310.392      10.597       0.000      14.943       4.392      12.984      13.525       0.007       5.520       0.000      19.093       5.907      12.500      17.930       0.000       0.000       0.113
   151     5    31  2010       1       1  2_stage                0.019    3378.124       0.000     964.686      13.900       0.000      15.440       2.261      14.329      12.139       0.006       5.658       0.000      22.247      11.102      16.674      20.780       0.000       0.000       0.229
   181     6    30  2010       1       1  2_stage                0.031    3378.891       0.000     709.820      19.651       0.000      14.943       0.109       8.516       5.786       0.006       5.275       0.000      27.413      16.685      22.049      22.840       0.000       0.000       0.402
   212     7    31  2010       1       1  2_stage                0.036    3379.912       0.000     522.560      21.383       0.000      15.436       0.044       0.000       1.144       0.000       4.955       0.000      29.808      18.005      23.906      23.210       0.000       0.000       0.601
   243     8    31  2010       1       1  2_stage                0.014    3380.754       0.000     382.700      20.940       0.000      15.438       0.050       0.000       0.099       0.000       4.808       0.000      29.452      17.337      23.394      20.410       0.000       0.000       0.811
   273     9    30  2010       1       1  2_stage                0.005    3381.031       0.000     281.597      16.929       0.000      14.935       0.000       0.000       0.000       0.000       4.564       0.000      24.797      11.860      18.328      15.920       0.000       0.000       0.993
   304    10    31  2010       1       1  2_stage                0.005    3381.031       0.000     207.307      10.883       0.000      15.440       0.000       0.000       0.000       0.000       4.625       0.000      20.003       5.010      12.506      11.100       0.000       0.000       1.123
   334    11    30  2010       1       1  2_stage                0.005    3381.031       0.000    1820.222       4.721       0.000       3.487       0.000       0.000       0.000       0.000       4.381       0.000      11.025      -1.023       5.001       7.160       0.000       0.000       1.200
   365    12    31  2010       1       1  2_stage                0.005    3381.031       0.000    2014.966      -2.893       0.000       0.000       0.000       0.000       0.000       0.000       4.015       0.000      -1.068      -8.668      -4.868       5.660       0.000       0.000       0.906
    31     1    31  2011       1       1  2_stage                0.005    3381.031       0.000    2012.992      -4.285       0.000       0.000       0.000       0.000       0.000       0.000       3.672       0.000      -1.798     -10.197      -5.998       7.120       0.000       0.000       0.002
    59     2    28  2011       1       1  2_stage                0.005    3381.034       0.000    2012.992      -3.344       0.000      12.452      12.049       4.415       9.355       0.011       3.408       0.000       0.796      -8.182      -3.693      10.810       0.000       0.000       0.005
    90     3    31  2011       1       1  2_stage                0.006    3381.072       0.000    1859.652       2.518       0.000      15.441      14.163       6.551      11.901       0.019       5.335       0.000       7.695      -2.140       2.777      15.000       0.000       0.000       0.023
   120     4    30  2011       1       1  2_stage                0.009    3381.250       0.000    1386.130       7.827       0.000      14.943       8.123       7.475      11.160       0.025       5.676       0.000      15.108       3.820       9.464      17.930       0.000       0.000       0.076
   151     5    31  2011       1       1  2_stage                0.016    3381.703       0.000    1020.443      13.542       0.000      15.441       2.204       8.441      10.389       0.035       6.866       0.000      21.621      10.610      16.115      20.780       0.000       0.000       0.185
   181     6    30  2011       1       1  2_stage                0.029    3382.434       0.000     750.846      19.104       0.000      14.942       0.128       8.910       5.685       0.026       6.707       0.000      27.302      16.018      21.660      22.840       0.000       0.000       0.356
   212     7    31  2011       1       1  2_stage                0.038    3383.442       0.000     552.760      22.049       0.000      15.438       0.026       0.000       1.186       0.001       5.800       0.000      31.250      19.418      25.334      23.210       0.000       0.000       0.556
   243     8    31  2011       1       1  2_stage                0.020    3384.325       0.000     404.817      20.422       0.000      15.441       0.084       0.000       0.000       0.000       5.504       0.000      28.335      15.658      21.997      20.410       0.000       0.000       0.769
   273     9    30  2011       1       1  2_stage                0.006    3384.715       0.000     297.876      15.554       0.000      14.933       0.212       0.000       0.000       0.000       5.173       0.000      22.098      11.083      16.591      15.920       0.000       0.000       0.939
   304    10    31  2011       1       1  2_stage                0.005    3384.737       0.000     219.290      10.575       0.000      15.436       0.000       0.000       0.000       0.000       5.229       0.000      17.990       5.485      11.738      11.100       0.000       0.000       1.059
   334    11    30  2011       1       1  2_stage                0.005    3384.737       0.000    1829.328       6.230       0.000       3.487       0.000       0.000       0.000       0.000       5.376       0.000      11.998       2.492       7.245       7.160       0.000       0.000       1.138
   365    12    31  2011       1       1  2_stage                0.005    3384.737       0.000    1823.606       1.892       0.000       0.000       0.000       0.000       0.000       0.000       7.750       0.000       4.787      -2.335       1.226       5.660       0.000       0.000       0.872
    31     1    31  2012       1       1  2_stage                0.005    3384.737       0.000    1467.562      -0.586       0.000       0.000       0.000       0.000       0.000       0.000       7.496       0.000       3.358      -5.906      -1.274       7.120       0.000       0.000       0.007
    60     2    29  2012       1       1  2_stage                0.005    3384.737       0.000    1435.310       0.265       0.000      12.951      13.000       9.551       8.390       0.004       7.531       0.000       3.976      -4.290      -0.157      10.810       0.000       0.000       0.017
    91     3    31  2012       1       1  2_stage                0.008    3384.831       0.000    1215.198       8.634       0.000      15.441       5.883      14.089      10.095       0.003       8.299       0.000      18.379       5.216      11.798      15.000       0.000       0.000       0.067
   121     4    30  2012       1       1  2_stage                0.016    3385.169       0.000     894.148       9.867       0.000      14.943       7.570      14.464       8.966       0.002       7.059       0.000      16.428       3.628      10.028      17.930       0.000       0.000       0.170
   152     5    31  2012       1       1  2_stage                0.025    3386.044       0.000     658.255      15.558       0.000      15.079       0.650      14.017       6.966       0.009       6.030       0.000      25.995      11.789      18.892      20.780       0.000       0.000       0.291
   182     6    30  2012       1       1  2_stage                0.038    3434.883       0.000     484.347      19.494       0.000       5.757       0.309       3.946       2.463       0.012       5.152       0.000      28.888      14.053      21.471      22.840       0.000       0.000       0.463
   213     7    31  2012       1       1  2_stage                0.032    3659.500       0.000     356.585      23.638       0.000       4.147       0.045       0.000       0.546       0.000       5.047       0.000      32.585      19.471      26.028      23.210       0.000       0.000       0.680
   244     8    31  2012       1       1  2_stage                0.008    3729.656       0.000     261.157      19.376       0.000      15.429       0.158       0.000       0.000       0.000       5.257       0.000      27.468      14.468      20.968      20.410       0.000       0.000       0.883
   274     9    30  2012       1       1  2_stage                0.005    3729.790       0.000     192.161      16.160       0.000      14.921       0.000       0.000       0.000       0.000       4.987       0.000      23.705      10.890      17.298      15.920       0.000       0.000       1.056
   305    10    31  2012       1       1  2_stage                0.005    3729.790       0.000     141.465       9.639       0.000      15.436       0.000       0.000       0.000       0.000       5.062       0.000      15.516       5.308      10.412      11.100       0.000       0.000       1.166
   335    11    30  2012       1       1  2_stage                0.005    3729.790       0.000    2024.710       3.819       0.000       2.989       0.000       0.000       0.000       0.000       4.772       0.000       9.593      -1.677       3.958       7.160       0.000       0.000       1.228
   366    12    31  2012       1       1  2_stage                0.005    3729.790       0.000    1908.792       2.400       0.000       0.000       0.000       0.000       0.000       0.000       4.770       0.000       5.648      -1.595       2.027       5.660       0.000       0.000       0.920
    31     1    31  2013       1       1  2_stage                0.005    3729.790       0.000    1711.960      -2.374       0.000       0.000       0.000       0.000       0.000       0.000       4.193       0.000       2.071      -7.113      -2.521       7.120       0.000       0.000       0.005
    59     2    28  2013       1       1  2_stage                0.005    3729.790       0.000    1711.960      -2.255       0.000      12.452      12.500      11.235       9.595       0.001       3.650       0.000       0.952      -7.059      -3.054      10.810       0.000       0.000       0.015
    90     3    31  2013       1       1  2_stage                0.005    3729.795       0.000    1684.151       0.084       0.000      15.441      15.124      14.829      12.269       0.001       5.411       0.000       4.479      -4.058       0.210      15.000       0.000       0.000       0.020
   120     4    30  2013       1       1  2_stage                0.008    3729.905       0.000    1384.497       6.948       0.000      14.943       8.834      14.287      11.611       0.002       6.481       0.000      14.172       2.765       8.468      17.930       0.000       0.000       0.060
   151     5    31  2013       1       1  2_stage                0.016    3730.331       0.000    1019.241      14.930       0.000      15.440       1.574      14.694      10.862       0.004       6.621       0.000      24.029      11.329      17.679      20.780       0.000       0.000       0.178
   181     6    30  2013       1       1  2_stage                0.030    3731.075       0.000     749.961      18.277       0.000      14.941       0.233      13.209       6.572       0.004       6.771       0.000      26.208      15.255      20.732      22.840       0.000       0.000       0.341
   212     7    31  2013       1       1  2_stage                0.041    3732.102       0.000     552.109      20.133       0.000      15.441       0.147       0.109       1.602       0.001       6.821       0.000      27.205      16.748      21.977      23.210       0.000       0.000       0.532
   243     8    31  2013       1       1  2_stage                0.030    3733.062       0.000     404.338      18.441       0.000      15.440       0.161       0.000       0.157       0.000       6.364       0.000      26.981      15.444      21.212      20.410       0.000       0.000       0.716
   273     9    30  2013       1       1  2_stage                0.007    3733.577       0.000     297.537      16.848       0.000      14.934       0.399       0.000       0.000       0.000       5.611       0.000      24.728      11.600      18.164      15.920       0.000       0.000       0.895
   304    10    31  2013       1       1  2_stage                0.005    3733.664       0.000     219.042      10.739       0.000      15.440       0.000       0.000       0.000       0.000       5.603       0.000      17.468       5.392      11.430      11.100       0.000       0.000       1.028
   334    11    30  2013       1       1  2_stage                0.005    3733.664       0.000    2005.022       3.759       0.000       3.487       0.000       0.000       0.000       0.000       5.228       0.000       7.298      -1.323       2.988       7.160       0.000       0.000       1.088
   365    12    31  2013       1       1  2_stage                0.005    3733.664       0.000    2371.653      -4.287       0.000       0.000       0.000       0.000       0.000       0.000       4.695       0.000      -1.717     -10.478      -6.097       5.660       0.000       0.000       0.816
    31     1    31  2014       1       1  2_stage                0.005    3733.664       0.000    2371.653      -6.027       0.000       0.000       0.000       0.000       0.000       0.000       3.941       0.000      -3.710     -13.115      -8.412       7.120       0.000       0.000       0.000
    59     2    28  2014       1       1  2_stage                0.005    3733.664       0.000    2371.653      -4.824       0.000      12.452      12.500      11.261       8.209       0.001       3.624       0.000      -1.426     -10.704      -6.065      10.810       0.000       0.000       0.001
    90     3    31  2014       1       1  2_stage                0.005    3733.679       0.000    2206.168       0.240       0.000      15.441      15.147      14.750      10.489       0.002       4.904       0.000       4.961      -3.489       0.736      15.000       0.000       0.000       0.011
   120     4    30  2014       1       1  2_stage                0.008    3733.802       0.000    1649.597       6.181       0.000      14.943      10.694      14.152       9.904       0.003       5.297       0.000      13.357       0.721       7.039      17.930       0.000       0.000       0.052
   151     5    31  2014       1       1  2_stage                0.014    3734.150       0.000    1214.402      12.602       0.000      15.440       2.105      14.857       9.556       0.003       5.249       0.000      20.080       9.492      14.786      20.780       0.000       0.000       0.147
   181     6    30  2014       1       1  2_stage                0.027    3735.144       0.000     893.562      18.001       0.000      14.877       0.187      13.767       6.545       0.009       4.829       0.000      26.674      14.661      20.668      22.840       0.000       0.000       0.299
   212     7    31  2014       1       1  2_stage                0.042    3736.944       0.000     657.824      20.191       0.000      15.431       0.064       2.335       1.909       0.003       5.020       0.000      28.078      16.625      22.352      23.210       0.000       0.000       0.488
   243     8    31  2014       1       1  2_stage                0.037    3738.040       0.000     481.744      18.523       0.000      15.438       0.192       0.000       0.168       0.000       4.997       0.000      25.902      14.872      20.387      20.410       0.000       0.000       0.673
   273     9    30  2014       1       1  2_stage                0.012    3738.644       0.000     354.504      14.723       0.000      14.939       1.090       0.000       0.000       0.000       4.692       0.000      22.197       9.729      15.963      15.920       0.000       0.000       0.830
   304    10    31  2014       1       1  2_stage                0.006    3738.875       0.000     260.982       8.859       0.000      15.440       6.569       0.000       0.000       0.000       4.708       0.000      15.180       3.053       9.116      11.100       0.000       0.000       0.938
   334    11    30  2014       1       1  2_stage                0.005    3738.912       0.000    2075.395       1.015       0.000       3.487       0.000       0.000       0.000       0.000       4.424       0.000       5.184      -4.990       0.097       7.160       0.000       0.000       0.984
   365    12    31  2014       1       1  2_stage                0.005    3738.912       0.000    2401.964      -4.421       0.000       0.000       0.000       0.000       0.000       0.000       3.937       0.000      -0.974     -10.993      -5.983       5.660       0.000       0.000       0.737
