 2_stage                   SWAT+ Jun 17  2020    MODULAR Rev 2020.60.4                                    
   jday   mon   day    yr   unit  gis_id  name                    flo_in          aqu_in         flo_out           peakr         sed_in        sed_out         washld          bedld            dep        deg_btm       deg_bank         hc_sed          width          depth          slope        deg_btm       deg_bank         hc_len      flo_in_mm       aqu_in_mm      flo_out_mm 
                                                                   m^3/s           m^3/s           m^3/s           m^3/s           tons           tons           tons           tons           tons           tons           tons           tons              m              m            m/m              m              m              m             mm              mm              mm 
    31     1    31  2006       1       1  drainage_ditch       0.5006E-04     0.0000E+00     0.1732E-01     0.1602E-02     0.4596E-01     0.2298E-01     0.2298E-01     0.0000E+00     0.2298E-01     0.0000E+00     0.0000E+00     0.0000E+00     0.6500E+01     0.7100E+00     0.7000E-02     0.0000E+00     0.0000E+00     0.0000E+00     0.3971E-01     0.0000E+00     0.1374E+02
    59     2    28  2006       1       1  drainage_ditch       0.6137E-04     0.0000E+00     0.6264E-03     0.1964E-02     0.5991E-05     0.2996E-05     0.2996E-05     0.0000E+00     0.2996E-05     0.0000E+00     0.0000E+00     0.0000E+00     0.6500E+01     0.7100E+00     0.7000E-02     0.0000E+00     0.0000E+00     0.0000E+00     0.4397E-01     0.0000E+00     0.4488E+00
    90     3    31  2006       1       1  drainage_ditch       0.4524E-04     0.0000E+00     0.1049E-02     0.1448E-02     0.5993E-07     0.2997E-07     0.2997E-07     0.0000E+00     0.2997E-07     0.0000E+00     0.0000E+00     0.0000E+00     0.6500E+01     0.7100E+00     0.7000E-02     0.0000E+00     0.0000E+00     0.0000E+00     0.3589E-01     0.0000E+00     0.8325E+00
   120     4    30  2006       1       1  drainage_ditch       0.2340E-04     0.0000E+00     0.7876E-03     0.7488E-03     0.4606E-07     0.2303E-07     0.2303E-07     0.0000E+00     0.2303E-07     0.0000E+00     0.0000E+00     0.0000E+00     0.6500E+01     0.7100E+00     0.7000E-02     0.0000E+00     0.0000E+00     0.0000E+00     0.1796E-01     0.0000E+00     0.6046E+00
   151     5    31  2006       1       1  drainage_ditch       0.8447E-04     0.0000E+00     0.2210E-02     0.2703E-02     0.6408E-07     0.3204E-07     0.3204E-07     0.0000E+00     0.3204E-07     0.0000E+00     0.0000E+00     0.0000E+00     0.6500E+01     0.7100E+00     0.7000E-02     0.0000E+00     0.0000E+00     0.0000E+00     0.6700E-01     0.0000E+00     0.1753E+01
   181     6    30  2006       1       1  drainage_ditch       0.3534E-04     0.0000E+00     0.7891E-03     0.1131E-02     0.4500E-07     0.2250E-07     0.2250E-07     0.0000E+00     0.2250E-07     0.0000E+00     0.0000E+00     0.0000E+00     0.6500E+01     0.7100E+00     0.7000E-02     0.0000E+00     0.0000E+00     0.0000E+00     0.2713E-01     0.0000E+00     0.6058E+00
   212     7    31  2006       1       1  drainage_ditch       0.3453E-04     0.0000E+00     0.2391E-02     0.1105E-02     0.8304E-04     0.4152E-04     0.4152E-04     0.0000E+00     0.4152E-04     0.0000E+00     0.0000E+00     0.0000E+00     0.6500E+01     0.7100E+00     0.7000E-02     0.0000E+00     0.0000E+00     0.0000E+00     0.2739E-01     0.0000E+00     0.1897E+01
   243     8    31  2006       1       1  drainage_ditch       0.3733E-04     0.0000E+00     0.1734E-02     0.1194E-02     0.4691E-07     0.2345E-07     0.2345E-07     0.0000E+00     0.2345E-07     0.0000E+00     0.0000E+00     0.0000E+00     0.6500E+01     0.7100E+00     0.7000E-02     0.0000E+00     0.0000E+00     0.0000E+00     0.2961E-01     0.0000E+00     0.1376E+01
   273     9    30  2006       1       1  drainage_ditch       0.3735E-04     0.0000E+00     0.5214E-03     0.1195E-02     0.5334E-07     0.2667E-07     0.2667E-07     0.0000E+00     0.2667E-07     0.0000E+00     0.0000E+00     0.0000E+00     0.6500E+01     0.7100E+00     0.7000E-02     0.0000E+00     0.0000E+00     0.0000E+00     0.2867E-01     0.0000E+00     0.4002E+00
   304    10    31  2006       1       1  drainage_ditch       0.8345E-04     0.0000E+00     0.1647E-02     0.2670E-02     0.9762E-07     0.4881E-07     0.4881E-07     0.0000E+00     0.4881E-07     0.0000E+00     0.0000E+00     0.0000E+00     0.6500E+01     0.7100E+00     0.7000E-02     0.0000E+00     0.0000E+00     0.0000E+00     0.6620E-01     0.0000E+00     0.1306E+01
   334    11    30  2006       1       1  drainage_ditch       0.6899E-04     0.0000E+00     0.1180E-02     0.2208E-02     0.1023E-06     0.5113E-07     0.5113E-07     0.0000E+00     0.5113E-07     0.0000E+00     0.0000E+00     0.0000E+00     0.6500E+01     0.7100E+00     0.7000E-02     0.0000E+00     0.0000E+00     0.0000E+00     0.5296E-01     0.0000E+00     0.9055E+00
   365    12    31  2006       1       1  drainage_ditch       0.1375E-03     0.0000E+00     0.1477E-02     0.4399E-02     0.9011E-07     0.4506E-07     0.4506E-07     0.0000E+00     0.4506E-07     0.0000E+00     0.0000E+00     0.0000E+00     0.6500E+01     0.7100E+00     0.7000E-02     0.0000E+00     0.0000E+00     0.0000E+00     0.1090E+00     0.0000E+00     0.1171E+01
    31     1    31  2007       1       1  drainage_ditch       0.2655E-03     0.0000E+00     0.1600E-02     0.8496E-02     0.1313E-06     0.6563E-07     0.6563E-07     0.0000E+00     0.6563E-07     0.0000E+00     0.0000E+00     0.0000E+00     0.6500E+01     0.7100E+00     0.7000E-02     0.0000E+00     0.0000E+00     0.0000E+00     0.2106E+00     0.0000E+00     0.1269E+01
    59     2    28  2007       1       1  drainage_ditch       0.2249E-03     0.0000E+00     0.6413E-03     0.7196E-02     0.4147E-03     0.2073E-03     0.2073E-03     0.0000E+00     0.2073E-03     0.0000E+00     0.0000E+00     0.0000E+00     0.6500E+01     0.7100E+00     0.7000E-02     0.0000E+00     0.0000E+00     0.0000E+00     0.1611E+00     0.0000E+00     0.4595E+00
    90     3    31  2007       1       1  drainage_ditch       0.1885E-02     0.0000E+00     0.2442E-02     0.6031E-01     0.3893E+01     0.1451E+02     0.1947E+01     0.0000E+00     0.6600E-02     0.2184E+01     0.1038E+02     0.0000E+00     0.6501E+01     0.7100E+00     0.7000E-02     0.9031E-04     0.3516E-02     0.0000E+00     0.1495E+01     0.0000E+00     0.1937E+01
   120     4    30  2007       1       1  drainage_ditch       0.4586E-03     0.0000E+00     0.1620E-02     0.1468E-01     0.7092E-03     0.4248E+00     0.3546E-03     0.0000E+00     0.3390E-04     0.0000E+00     0.4245E+00     0.0000E+00     0.6501E+01     0.7100E+00     0.7000E-02     0.0000E+00     0.1485E-03     0.0000E+00     0.3521E+00     0.0000E+00     0.1243E+01
   151     5    31  2007       1       1  drainage_ditch       0.2420E-03     0.0000E+00     0.3465E-03     0.7746E-02     0.4650E-07     0.2325E-07     0.2325E-07     0.0000E+00     0.2325E-07     0.0000E+00     0.0000E+00     0.0000E+00     0.6501E+01     0.7100E+00     0.7000E-02     0.0000E+00     0.0000E+00     0.0000E+00     0.1920E+00     0.0000E+00     0.2749E+00
   181     6    30  2007       1       1  drainage_ditch       0.1818E-03     0.0000E+00     0.6523E-03     0.5818E-02     0.4500E-07     0.2250E-07     0.2250E-07     0.0000E+00     0.2250E-07     0.0000E+00     0.0000E+00     0.0000E+00     0.6501E+01     0.7100E+00     0.7000E-02     0.0000E+00     0.0000E+00     0.0000E+00     0.1396E+00     0.0000E+00     0.5007E+00
   212     7    31  2007       1       1  drainage_ditch       0.2252E-03     0.0000E+00     0.1566E-02     0.7206E-02     0.1755E-03     0.3074E+00     0.8774E-04     0.0000E+00     0.2250E-07     0.0000E+00     0.3073E+00     0.0000E+00     0.6501E+01     0.7100E+00     0.7000E-02     0.0000E+00     0.1041E-03     0.0000E+00     0.1786E+00     0.0000E+00     0.1242E+01
   243     8    31  2007       1       1  drainage_ditch       0.9267E-03     0.0000E+00     0.4604E-02     0.2965E-01     0.2013E+01     0.5696E+01     0.1006E+01     0.0000E+00     0.4842E-03     0.0000E+00     0.4690E+01     0.0000E+00     0.6501E+01     0.7100E+00     0.7000E-02     0.0000E+00     0.1588E-02     0.0000E+00     0.7351E+00     0.0000E+00     0.3652E+01
   273     9    30  2007       1       1  drainage_ditch       0.1792E-03     0.0000E+00     0.2783E-03     0.5735E-02     0.4500E-07     0.2250E-07     0.2250E-07     0.0000E+00     0.2250E-07     0.0000E+00     0.0000E+00     0.0000E+00     0.6502E+01     0.7100E+00     0.7000E-02     0.0000E+00     0.0000E+00     0.0000E+00     0.1376E+00     0.0000E+00     0.2137E+00
   304    10    31  2007       1       1  drainage_ditch       0.2653E-03     0.0000E+00     0.1117E-02     0.8491E-02     0.4650E-07     0.2122E+00     0.2325E-07     0.0000E+00     0.2175E-07     0.0000E+00     0.2122E+00     0.0000E+00     0.6502E+01     0.7100E+00     0.7000E-02     0.0000E+00     0.7187E-04     0.0000E+00     0.2105E+00     0.0000E+00     0.8857E+00
   334    11    30  2007       1       1  drainage_ditch       0.3155E-03     0.0000E+00     0.1703E-02     0.1010E-01     0.2008E-01     0.6643E+00     0.1004E-01     0.0000E+00     0.1113E-02     0.0000E+00     0.6543E+00     0.0000E+00     0.6502E+01     0.7100E+00     0.7000E-02     0.0000E+00     0.2289E-03     0.0000E+00     0.2422E+00     0.0000E+00     0.1308E+01
   365    12    31  2007       1       1  drainage_ditch       0.8980E-03     0.0000E+00     0.2610E-02     0.2874E-01     0.1873E+01     0.5241E+01     0.9367E+00     0.0000E+00     0.1894E-01     0.0000E+00     0.4305E+01     0.0000E+00     0.6502E+01     0.7100E+00     0.7000E-02     0.0000E+00     0.1458E-02     0.0000E+00     0.7123E+00     0.0000E+00     0.2070E+01
    31     1    31  2008       1       1  drainage_ditch       0.6173E-02     0.0000E+00     0.8537E-02     0.1975E+00     0.1777E+02     0.1129E+03     0.8883E+01     0.0000E+00     0.1734E-01     0.7211E+02     0.3186E+02     0.0000E+00     0.6505E+01     0.7107E+00     0.7000E-02     0.2981E-02     0.1078E-01     0.0000E+00     0.4897E+01     0.0000E+00     0.6772E+01
    60     2    29  2008       1       1  drainage_ditch       0.8053E-02     0.0000E+00     0.1035E-01     0.2577E+00     0.2745E+02     0.1773E+03     0.1372E+02     0.0000E+00     0.3848E-01     0.1278E+03     0.3573E+02     0.0000E+00     0.6508E+01     0.7122E+00     0.7000E-02     0.5646E-02     0.1290E-01     0.0000E+00     0.5976E+01     0.0000E+00     0.7684E+01
    91     3    31  2008       1       1  drainage_ditch       0.4254E-02     0.0000E+00     0.5016E-02     0.1361E+00     0.1760E+02     0.5764E+02     0.8800E+01     0.0000E+00     0.3610E-01     0.2473E+02     0.2411E+02     0.0000E+00     0.6511E+01     0.7128E+00     0.7000E-02     0.1021E-02     0.8133E-02     0.0000E+00     0.3375E+01     0.0000E+00     0.3979E+01
   121     4    30  2008       1       1  drainage_ditch       0.8236E-03     0.0000E+00     0.1373E-02     0.2635E-01     0.2373E+01     0.4448E+01     0.1186E+01     0.0000E+00     0.1387E-01     0.0000E+00     0.3261E+01     0.0000E+00     0.6512E+01     0.7129E+00     0.7000E-02     0.0000E+00     0.1137E-02     0.0000E+00     0.6322E+00     0.0000E+00     0.1054E+01
   152     5    31  2008       1       1  drainage_ditch       0.5853E-03     0.0000E+00     0.2431E-02     0.1873E-01     0.7516E+00     0.2230E+01     0.3758E+00     0.0000E+00     0.1691E-03     0.0000E+00     0.1854E+01     0.0000E+00     0.6512E+01     0.7129E+00     0.7000E-02     0.0000E+00     0.6254E-03     0.0000E+00     0.4642E+00     0.0000E+00     0.1928E+01
   182     6    30  2008       1       1  drainage_ditch       0.4651E-03     0.0000E+00     0.1938E-02     0.1488E-01     0.5161E-02     0.5241E+00     0.2580E-02     0.0000E+00     0.1154E-02     0.0000E+00     0.5215E+00     0.0000E+00     0.6512E+01     0.7129E+00     0.7000E-02     0.0000E+00     0.1818E-03     0.0000E+00     0.3570E+00     0.0000E+00     0.1488E+01
   213     7    31  2008       1       1  drainage_ditch       0.2158E-03     0.0000E+00     0.5375E-03     0.6906E-02     0.4650E-07     0.2325E-07     0.2325E-07     0.0000E+00     0.2325E-07     0.0000E+00     0.0000E+00     0.0000E+00     0.6512E+01     0.7129E+00     0.7000E-02     0.0000E+00     0.0000E+00     0.0000E+00     0.1712E+00     0.0000E+00     0.4264E+00
   244     8    31  2008       1       1  drainage_ditch       0.1657E-03     0.0000E+00     0.3879E-03     0.5304E-02     0.4650E-07     0.2325E-07     0.2325E-07     0.0000E+00     0.2325E-07     0.0000E+00     0.0000E+00     0.0000E+00     0.6512E+01     0.7129E+00     0.7000E-02     0.0000E+00     0.0000E+00     0.0000E+00     0.1315E+00     0.0000E+00     0.3077E+00
   274     9    30  2008       1       1  drainage_ditch       0.3309E-03     0.0000E+00     0.2108E-02     0.1059E-01     0.4178E-01     0.8797E+00     0.2089E-01     0.0000E+00     0.1316E-03     0.0000E+00     0.8588E+00     0.0000E+00     0.6512E+01     0.7129E+00     0.7000E-02     0.0000E+00     0.2993E-03     0.0000E+00     0.2540E+00     0.0000E+00     0.1618E+01
   305    10    31  2008       1       1  drainage_ditch       0.1782E-03     0.0000E+00     0.7841E-03     0.5702E-02     0.4672E-07     0.2336E-07     0.2336E-07     0.0000E+00     0.2336E-07     0.0000E+00     0.0000E+00     0.0000E+00     0.6512E+01     0.7129E+00     0.7000E-02     0.0000E+00     0.0000E+00     0.0000E+00     0.1413E+00     0.0000E+00     0.6220E+00
   335    11    30  2008       1       1  drainage_ditch       0.1745E-03     0.0000E+00     0.5147E-03     0.5584E-02     0.4500E-07     0.2250E-07     0.2250E-07     0.0000E+00     0.2250E-07     0.0000E+00     0.0000E+00     0.0000E+00     0.6512E+01     0.7129E+00     0.7000E-02     0.0000E+00     0.0000E+00     0.0000E+00     0.1340E+00     0.0000E+00     0.3951E+00
   366    12    31  2008       1       1  drainage_ditch       0.2989E-02     0.0000E+00     0.4607E-02     0.9565E-01     0.5149E+01     0.4294E+02     0.2574E+01     0.0000E+00     0.1905E-01     0.2373E+02     0.1664E+02     0.0000E+00     0.6513E+01     0.7129E+00     0.7000E-02     0.9792E-03     0.5610E-02     0.0000E+00     0.2371E+01     0.0000E+00     0.3654E+01
    31     1    31  2009       1       1  drainage_ditch       0.1572E-03     0.0000E+00     0.2672E-03     0.5030E-02     0.7519E-02     0.3760E-02     0.3760E-02     0.0000E+00     0.3760E-02     0.0000E+00     0.0000E+00     0.0000E+00     0.6514E+01     0.7132E+00     0.7000E-02     0.0000E+00     0.0000E+00     0.0000E+00     0.1247E+00     0.0000E+00     0.2119E+00
    59     2    28  2009       1       1  drainage_ditch       0.9794E-03     0.0000E+00     0.1937E-02     0.3134E-01     0.2493E+01     0.6013E+01     0.1246E+01     0.0000E+00     0.8315E-02     0.0000E+00     0.4767E+01     0.0000E+00     0.6514E+01     0.7132E+00     0.7000E-02     0.0000E+00     0.1779E-02     0.0000E+00     0.7017E+00     0.0000E+00     0.1388E+01
    90     3    31  2009       1       1  drainage_ditch       0.2997E-02     0.0000E+00     0.5884E-02     0.9590E-01     0.2095E+01     0.5734E+02     0.1047E+01     0.0000E+00     0.6108E-02     0.4222E+02     0.1408E+02     0.0000E+00     0.6516E+01     0.7136E+00     0.7000E-02     0.1742E-02     0.4744E-02     0.0000E+00     0.2377E+01     0.0000E+00     0.4667E+01
   120     4    30  2009       1       1  drainage_ditch       0.2824E-02     0.0000E+00     0.4286E-02     0.9036E-01     0.9519E+01     0.4214E+02     0.4760E+01     0.0000E+00     0.1199E-01     0.2399E+02     0.1339E+02     0.0000E+00     0.6517E+01     0.7140E+00     0.6999E-02     0.1023E-02     0.4661E-02     0.0000E+00     0.2168E+01     0.0000E+00     0.3290E+01
   151     5    31  2009       1       1  drainage_ditch       0.5762E-03     0.0000E+00     0.2210E-02     0.1844E-01     0.3008E+00     0.1864E+01     0.1504E+00     0.0000E+00     0.2115E-02     0.0000E+00     0.1714E+01     0.0000E+00     0.6518E+01     0.7141E+00     0.6999E-02     0.0000E+00     0.5771E-03     0.0000E+00     0.4570E+00     0.0000E+00     0.1753E+01
   181     6    30  2009       1       1  drainage_ditch       0.3852E-03     0.0000E+00     0.1408E-02     0.1233E-01     0.2296E-03     0.6181E+00     0.1148E-03     0.0000E+00     0.2100E-07     0.0000E+00     0.6180E+00     0.0000E+00     0.6518E+01     0.7141E+00     0.6999E-02     0.0000E+00     0.2150E-03     0.0000E+00     0.2957E+00     0.0000E+00     0.1081E+01
   212     7    31  2009       1       1  drainage_ditch       0.1885E-03     0.0000E+00     0.6662E-03     0.6033E-02     0.4650E-07     0.2325E-07     0.2325E-07     0.0000E+00     0.2325E-07     0.0000E+00     0.0000E+00     0.0000E+00     0.6518E+01     0.7141E+00     0.6999E-02     0.0000E+00     0.0000E+00     0.0000E+00     0.1495E+00     0.0000E+00     0.5285E+00
   243     8    31  2009       1       1  drainage_ditch       0.9074E-03     0.0000E+00     0.3719E-02     0.2904E-01     0.1019E+01     0.5302E+01     0.5096E+00     0.0000E+00     0.2318E-02     0.0000E+00     0.4792E+01     0.0000E+00     0.6518E+01     0.7141E+00     0.6999E-02     0.0000E+00     0.1614E-02     0.0000E+00     0.7198E+00     0.0000E+00     0.2950E+01
   273     9    30  2009       1       1  drainage_ditch       0.1726E-03     0.0000E+00     0.1757E-03     0.5524E-02     0.4497E-03     0.2248E-03     0.2248E-03     0.0000E+00     0.2248E-03     0.0000E+00     0.0000E+00     0.0000E+00     0.6518E+01     0.7141E+00     0.6999E-02     0.0000E+00     0.0000E+00     0.0000E+00     0.1325E+00     0.0000E+00     0.1349E+00
   304    10    31  2009       1       1  drainage_ditch       0.3435E-03     0.0000E+00     0.2244E-02     0.1099E-01     0.4650E-07     0.3201E+00     0.2325E-07     0.0000E+00     0.2100E-07     0.0000E+00     0.3201E+00     0.0000E+00     0.6518E+01     0.7141E+00     0.6999E-02     0.0000E+00     0.1078E-03     0.0000E+00     0.2725E+00     0.0000E+00     0.1780E+01
   334    11    30  2009       1       1  drainage_ditch       0.1921E-03     0.0000E+00     0.4981E-03     0.6147E-02     0.4500E-07     0.2250E-07     0.2250E-07     0.0000E+00     0.2250E-07     0.0000E+00     0.0000E+00     0.0000E+00     0.6518E+01     0.7141E+00     0.6999E-02     0.0000E+00     0.0000E+00     0.0000E+00     0.1474E+00     0.0000E+00     0.3824E+00
   365    12    31  2009       1       1  drainage_ditch       0.2682E-03     0.0000E+00     0.1194E-02     0.8583E-02     0.3528E-01     0.1243E+00     0.1764E-01     0.0000E+00     0.1764E-01     0.0000E+00     0.1067E+00     0.0000E+00     0.6518E+01     0.7141E+00     0.6999E-02     0.0000E+00     0.3592E-04     0.0000E+00     0.2128E+00     0.0000E+00     0.9474E+00
    31     1    31  2010       1       1  drainage_ditch       0.7962E-03     0.0000E+00     0.9988E-03     0.2548E-01     0.2186E+01     0.5398E+01     0.1093E+01     0.0000E+00     0.1893E-02     0.0000E+00     0.4305E+01     0.0000E+00     0.6518E+01     0.7141E+00     0.6999E-02     0.0000E+00     0.1450E-02     0.0000E+00     0.6315E+00     0.0000E+00     0.7923E+00
    59     2    28  2010       1       1  drainage_ditch       0.2473E-03     0.0000E+00     0.5424E-03     0.7913E-02     0.2115E+00     0.6569E+00     0.1057E+00     0.0000E+00     0.4765E-02     0.0000E+00     0.5512E+00     0.0000E+00     0.6519E+01     0.7141E+00     0.6999E-02     0.0000E+00     0.2055E-03     0.0000E+00     0.1772E+00     0.0000E+00     0.3886E+00
    90     3    31  2010       1       1  drainage_ditch       0.7831E-03     0.0000E+00     0.1327E-02     0.2506E-01     0.1020E+01     0.4011E+01     0.5099E+00     0.0000E+00     0.2275E-01     0.0000E+00     0.3501E+01     0.0000E+00     0.6519E+01     0.7141E+00     0.6999E-02     0.0000E+00     0.1179E-02     0.0000E+00     0.6212E+00     0.0000E+00     0.1053E+01
   120     4    30  2010       1       1  drainage_ditch       0.3570E-03     0.0000E+00     0.1639E-02     0.1142E-01     0.2255E-03     0.3091E+00     0.1127E-03     0.0000E+00     0.3469E-04     0.0000E+00     0.3090E+00     0.0000E+00     0.6519E+01     0.7141E+00     0.6999E-02     0.0000E+00     0.1075E-03     0.0000E+00     0.2740E+00     0.0000E+00     0.1258E+01
   151     5    31  2010       1       1  drainage_ditch       0.4124E-03     0.0000E+00     0.1986E-02     0.1320E-01     0.4650E-07     0.3201E+00     0.2325E-07     0.0000E+00     0.2100E-07     0.0000E+00     0.3201E+00     0.0000E+00     0.6519E+01     0.7141E+00     0.6999E-02     0.0000E+00     0.1078E-03     0.0000E+00     0.3271E+00     0.0000E+00     0.1576E+01
   181     6    30  2010       1       1  drainage_ditch       0.3466E-03     0.0000E+00     0.2234E-02     0.1109E-01     0.4500E-07     0.2250E-07     0.2250E-07     0.0000E+00     0.2250E-07     0.0000E+00     0.0000E+00     0.0000E+00     0.6519E+01     0.7141E+00     0.6999E-02     0.0000E+00     0.0000E+00     0.0000E+00     0.2660E+00     0.0000E+00     0.1715E+01
   212     7    31  2010       1       1  drainage_ditch       0.2250E-03     0.0000E+00     0.1220E-02     0.7199E-02     0.4650E-07     0.2325E-07     0.2325E-07     0.0000E+00     0.2325E-07     0.0000E+00     0.0000E+00     0.0000E+00     0.6519E+01     0.7141E+00     0.6999E-02     0.0000E+00     0.0000E+00     0.0000E+00     0.1785E+00     0.0000E+00     0.9674E+00
   243     8    31  2010       1       1  drainage_ditch       0.2047E-03     0.0000E+00     0.5042E-03     0.6551E-02     0.1114E-03     0.1067E+00     0.5570E-04     0.0000E+00     0.2250E-07     0.0000E+00     0.1067E+00     0.0000E+00     0.6519E+01     0.7141E+00     0.6999E-02     0.0000E+00     0.3592E-04     0.0000E+00     0.1624E+00     0.0000E+00     0.4000E+00
   273     9    30  2010       1       1  drainage_ditch       0.2349E-03     0.0000E+00     0.9601E-03     0.7516E-02     0.3621E-03     0.3092E+00     0.1810E-03     0.0000E+00     0.2175E-07     0.0000E+00     0.3090E+00     0.0000E+00     0.6519E+01     0.7141E+00     0.6999E-02     0.0000E+00     0.1075E-03     0.0000E+00     0.1803E+00     0.0000E+00     0.7370E+00
   304    10    31  2010       1       1  drainage_ditch       0.1355E-03     0.0000E+00     0.2629E-03     0.4335E-02     0.4650E-07     0.2325E-07     0.2325E-07     0.0000E+00     0.2325E-07     0.0000E+00     0.0000E+00     0.0000E+00     0.6519E+01     0.7141E+00     0.6999E-02     0.0000E+00     0.0000E+00     0.0000E+00     0.1075E+00     0.0000E+00     0.2085E+00
   334    11    30  2010       1       1  drainage_ditch       0.2871E-03     0.0000E+00     0.1794E-02     0.9189E-02     0.1073E-03     0.4157E+00     0.5365E-04     0.0000E+00     0.2128E-07     0.0000E+00     0.4157E+00     0.0000E+00     0.6519E+01     0.7141E+00     0.6999E-02     0.0000E+00     0.1446E-03     0.0000E+00     0.2204E+00     0.0000E+00     0.1377E+01
   365    12    31  2010       1       1  drainage_ditch       0.4459E-03     0.0000E+00     0.6005E-03     0.1427E-01     0.6091E+00     0.2545E+01     0.3045E+00     0.0000E+00     0.2250E-07     0.0000E+00     0.2240E+01     0.0000E+00     0.6519E+01     0.7141E+00     0.6999E-02     0.0000E+00     0.7544E-03     0.0000E+00     0.3537E+00     0.0000E+00     0.4763E+00
    31     1    31  2011       1       1  drainage_ditch       0.3109E-03     0.0000E+00     0.5493E-03     0.9949E-02     0.2822E-01     0.1099E+01     0.1411E-01     0.0000E+00     0.1411E-01     0.0000E+00     0.1085E+01     0.0000E+00     0.6520E+01     0.7141E+00     0.6999E-02     0.0000E+00     0.3653E-03     0.0000E+00     0.2466E+00     0.0000E+00     0.4357E+00
    59     2    28  2011       1       1  drainage_ditch       0.1082E-02     0.0000E+00     0.2138E-02     0.3462E-01     0.3683E+01     0.6912E+01     0.1841E+01     0.0000E+00     0.2014E-01     0.0000E+00     0.5070E+01     0.0000E+00     0.6520E+01     0.7141E+00     0.6999E-02     0.0000E+00     0.1890E-02     0.0000E+00     0.7752E+00     0.0000E+00     0.1532E+01
    90     3    31  2011       1       1  drainage_ditch       0.2138E-02     0.0000E+00     0.2834E-02     0.6841E-01     0.9967E+01     0.3867E+02     0.4983E+01     0.0000E+00     0.8971E-02     0.2401E+02     0.9675E+01     0.0000E+00     0.6521E+01     0.7143E+00     0.6999E-02     0.9899E-03     0.3258E-02     0.0000E+00     0.1696E+01     0.0000E+00     0.2248E+01
   120     4    30  2011       1       1  drainage_ditch       0.1491E-02     0.0000E+00     0.4084E-02     0.4770E-01     0.6027E+00     0.1199E+02     0.3013E+00     0.0000E+00     0.1230E-03     0.4918E+01     0.6773E+01     0.0000E+00     0.6521E+01     0.7144E+00     0.6999E-02     0.2095E-03     0.2356E-02     0.0000E+00     0.1144E+01     0.0000E+00     0.3135E+01
   151     5    31  2011       1       1  drainage_ditch       0.2107E-02     0.0000E+00     0.3879E-02     0.6741E-01     0.6722E+01     0.2449E+02     0.3361E+01     0.0000E+00     0.3193E-02     0.1044E+02     0.1069E+02     0.0000E+00     0.6522E+01     0.7144E+00     0.6999E-02     0.4301E-03     0.3598E-02     0.0000E+00     0.1671E+01     0.0000E+00     0.3077E+01
   181     6    30  2011       1       1  drainage_ditch       0.3778E-03     0.0000E+00     0.1396E-02     0.1209E-01     0.3461E-02     0.2152E+00     0.1731E-02     0.0000E+00     0.1673E-02     0.0000E+00     0.2135E+00     0.0000E+00     0.6523E+01     0.7146E+00     0.6999E-02     0.0000E+00     0.7424E-04     0.0000E+00     0.2900E+00     0.0000E+00     0.1071E+01
   212     7    31  2011       1       1  drainage_ditch       0.3174E-03     0.0000E+00     0.1290E-02     0.1016E-01     0.1241E-03     0.2136E+00     0.6205E-04     0.0000E+00     0.2175E-07     0.0000E+00     0.2135E+00     0.0000E+00     0.6523E+01     0.7146E+00     0.6999E-02     0.0000E+00     0.7185E-04     0.0000E+00     0.2518E+00     0.0000E+00     0.1023E+01
   243     8    31  2011       1       1  drainage_ditch       0.2244E-03     0.0000E+00     0.7891E-03     0.7181E-02     0.4650E-07     0.2325E-07     0.2325E-07     0.0000E+00     0.2325E-07     0.0000E+00     0.0000E+00     0.0000E+00     0.6523E+01     0.7146E+00     0.6999E-02     0.0000E+00     0.0000E+00     0.0000E+00     0.1780E+00     0.0000E+00     0.6260E+00
   273     9    30  2011       1       1  drainage_ditch       0.3237E-03     0.0000E+00     0.2441E-02     0.1036E-01     0.2065E-03     0.4161E+00     0.1032E-03     0.0000E+00     0.2100E-07     0.0000E+00     0.4160E+00     0.0000E+00     0.6523E+01     0.7146E+00     0.6999E-02     0.0000E+00     0.1446E-03     0.0000E+00     0.2485E+00     0.0000E+00     0.1874E+01
   304    10    31  2011       1       1  drainage_ditch       0.4177E-03     0.0000E+00     0.2037E-02     0.1337E-01     0.4932E+00     0.1610E+01     0.2466E+00     0.0000E+00     0.5673E-02     0.0000E+00     0.1364E+01     0.0000E+00     0.6523E+01     0.7146E+00     0.6999E-02     0.0000E+00     0.4588E-03     0.0000E+00     0.3314E+00     0.0000E+00     0.1616E+01
   334    11    30  2011       1       1  drainage_ditch       0.4046E-03     0.0000E+00     0.3014E-02     0.1295E-01     0.2577E-02     0.6308E+00     0.1289E-02     0.0000E+00     0.8407E-03     0.0000E+00     0.6295E+00     0.0000E+00     0.6523E+01     0.7146E+00     0.6999E-02     0.0000E+00     0.2189E-03     0.0000E+00     0.3105E+00     0.0000E+00     0.2314E+01
   365    12    31  2011       1       1  drainage_ditch       0.2573E-02     0.0000E+00     0.3769E-02     0.8232E-01     0.2777E+01     0.2208E+02     0.1388E+01     0.0000E+00     0.2130E-01     0.6537E+01     0.1415E+02     0.0000E+00     0.6524E+01     0.7146E+00     0.6999E-02     0.2694E-03     0.4762E-02     0.0000E+00     0.2041E+01     0.0000E+00     0.2989E+01
    31     1    31  2012       1       1  drainage_ditch       0.4115E-02     0.0000E+00     0.5048E-02     0.1317E+00     0.1794E+02     0.6438E+02     0.8970E+01     0.0000E+00     0.1727E-01     0.3253E+02     0.2287E+02     0.0000E+00     0.6526E+01     0.7148E+00     0.6999E-02     0.1340E-02     0.7693E-02     0.0000E+00     0.3264E+01     0.0000E+00     0.4004E+01
    60     2    29  2012       1       1  drainage_ditch       0.1781E-02     0.0000E+00     0.2219E-02     0.5700E-01     0.6574E+01     0.1220E+02     0.3287E+01     0.0000E+00     0.2023E-01     0.0000E+00     0.8918E+01     0.0000E+00     0.6528E+01     0.7151E+00     0.6999E-02     0.0000E+00     0.3205E-02     0.0000E+00     0.1322E+01     0.0000E+00     0.1646E+01
    91     3    31  2012       1       1  drainage_ditch       0.6787E-03     0.0000E+00     0.9765E-03     0.2172E-01     0.1024E+01     0.2762E+01     0.5120E+00     0.0000E+00     0.7500E-02     0.0000E+00     0.2250E+01     0.0000E+00     0.6528E+01     0.7151E+00     0.6999E-02     0.0000E+00     0.7566E-03     0.0000E+00     0.5383E+00     0.0000E+00     0.7746E+00
   121     4    30  2012       1       1  drainage_ditch       0.2807E-03     0.0000E+00     0.2676E-03     0.8983E-02     0.4212E-03     0.2106E-03     0.2106E-03     0.0000E+00     0.2106E-03     0.0000E+00     0.0000E+00     0.0000E+00     0.6528E+01     0.7151E+00     0.6999E-02     0.0000E+00     0.0000E+00     0.0000E+00     0.2155E+00     0.0000E+00     0.2054E+00
   152     5    31  2012       1       1  drainage_ditch       0.2020E-03     0.0000E+00     0.3420E-03     0.6463E-02     0.8606E-05     0.4303E-05     0.4303E-05     0.0000E+00     0.4303E-05     0.0000E+00     0.0000E+00     0.0000E+00     0.6528E+01     0.7151E+00     0.6999E-02     0.0000E+00     0.0000E+00     0.0000E+00     0.1602E+00     0.0000E+00     0.2713E+00
   182     6    30  2012       1       1  drainage_ditch       0.1412E-03     0.0000E+00     0.4064E-03     0.4518E-02     0.4500E-07     0.2250E-07     0.2250E-07     0.0000E+00     0.2250E-07     0.0000E+00     0.0000E+00     0.0000E+00     0.6528E+01     0.7151E+00     0.6999E-02     0.0000E+00     0.0000E+00     0.0000E+00     0.1084E+00     0.0000E+00     0.3120E+00
   213     7    31  2012       1       1  drainage_ditch       0.1594E-03     0.0000E+00     0.1434E-02     0.5100E-02     0.6267E-07     0.3134E-07     0.3134E-07     0.0000E+00     0.3134E-07     0.0000E+00     0.0000E+00     0.0000E+00     0.6528E+01     0.7151E+00     0.6999E-02     0.0000E+00     0.0000E+00     0.0000E+00     0.1264E+00     0.0000E+00     0.1138E+01
   244     8    31  2012       1       1  drainage_ditch       0.2175E-03     0.0000E+00     0.1684E-02     0.6961E-02     0.2464E-03     0.2138E+00     0.1232E-03     0.0000E+00     0.2175E-07     0.0000E+00     0.2137E+00     0.0000E+00     0.6528E+01     0.7151E+00     0.6999E-02     0.0000E+00     0.7185E-04     0.0000E+00     0.1725E+00     0.0000E+00     0.1335E+01
   274     9    30  2012       1       1  drainage_ditch       0.1278E-03     0.0000E+00     0.7315E-03     0.4090E-02     0.4500E-07     0.2250E-07     0.2250E-07     0.0000E+00     0.2250E-07     0.0000E+00     0.0000E+00     0.0000E+00     0.6528E+01     0.7151E+00     0.6999E-02     0.0000E+00     0.0000E+00     0.0000E+00     0.9811E-01     0.0000E+00     0.5616E+00
   305    10    31  2012       1       1  drainage_ditch       0.1993E-03     0.0000E+00     0.1152E-02     0.6378E-02     0.4650E-07     0.2325E-07     0.2325E-07     0.0000E+00     0.2325E-07     0.0000E+00     0.0000E+00     0.0000E+00     0.6528E+01     0.7151E+00     0.6999E-02     0.0000E+00     0.0000E+00     0.0000E+00     0.1581E+00     0.0000E+00     0.9135E+00
   335    11    30  2012       1       1  drainage_ditch       0.1244E-03     0.0000E+00     0.2016E-03     0.3981E-02     0.4500E-07     0.2250E-07     0.2250E-07     0.0000E+00     0.2250E-07     0.0000E+00     0.0000E+00     0.0000E+00     0.6528E+01     0.7151E+00     0.6999E-02     0.0000E+00     0.0000E+00     0.0000E+00     0.9550E-01     0.0000E+00     0.1547E+00
   366    12    31  2012       1       1  drainage_ditch       0.1818E-03     0.0000E+00     0.1037E-02     0.5817E-02     0.4650E-07     0.1068E+00     0.2325E-07     0.0000E+00     0.2250E-07     0.0000E+00     0.1068E+00     0.0000E+00     0.6528E+01     0.7151E+00     0.6999E-02     0.0000E+00     0.3592E-04     0.0000E+00     0.1442E+00     0.0000E+00     0.8222E+00
    31     1    31  2013       1       1  drainage_ditch       0.1077E-02     0.0000E+00     0.2504E-02     0.3445E-01     0.3375E+01     0.7861E+01     0.1688E+01     0.0000E+00     0.1467E-01     0.2772E+00     0.5897E+01     0.0000E+00     0.6529E+01     0.7151E+00     0.6999E-02     0.1142E-04     0.1983E-02     0.0000E+00     0.8540E+00     0.0000E+00     0.1986E+01
    59     2    28  2013       1       1  drainage_ditch       0.2788E-03     0.0000E+00     0.8335E-03     0.8922E-02     0.4751E+00     0.8964E+00     0.2376E+00     0.0000E+00     0.6202E-02     0.0000E+00     0.6588E+00     0.0000E+00     0.6529E+01     0.7151E+00     0.6999E-02     0.0000E+00     0.2453E-03     0.0000E+00     0.1998E+00     0.0000E+00     0.5971E+00
    90     3    31  2013       1       1  drainage_ditch       0.8664E-03     0.0000E+00     0.1158E-02     0.2773E-01     0.4168E+01     0.6171E+01     0.2084E+01     0.0000E+00     0.2062E-01     0.0000E+00     0.4087E+01     0.0000E+00     0.6529E+01     0.7151E+00     0.6999E-02     0.0000E+00     0.1374E-02     0.0000E+00     0.6873E+00     0.0000E+00     0.9189E+00
   120     4    30  2013       1       1  drainage_ditch       0.7983E-03     0.0000E+00     0.3690E-02     0.2555E-01     0.1340E+01     0.3786E+01     0.6701E+00     0.0000E+00     0.1072E-01     0.0000E+00     0.3116E+01     0.0000E+00     0.6530E+01     0.7151E+00     0.6999E-02     0.0000E+00     0.1083E-02     0.0000E+00     0.6128E+00     0.0000E+00     0.2832E+01
   151     5    31  2013       1       1  drainage_ditch       0.2838E-03     0.0000E+00     0.8717E-03     0.9080E-02     0.2306E-03     0.1153E-03     0.1153E-03     0.0000E+00     0.1153E-03     0.0000E+00     0.0000E+00     0.0000E+00     0.6530E+01     0.7151E+00     0.6999E-02     0.0000E+00     0.0000E+00     0.0000E+00     0.2251E+00     0.0000E+00     0.6915E+00
   181     6    30  2013       1       1  drainage_ditch       0.2564E-02     0.0000E+00     0.8136E-02     0.8204E-01     0.1519E+02     0.4046E+02     0.7594E+01     0.0000E+00     0.1380E-01     0.1935E+02     0.1352E+02     0.0000E+00     0.6531E+01     0.7153E+00     0.6999E-02     0.8229E-03     0.4695E-02     0.0000E+00     0.1968E+01     0.0000E+00     0.6246E+01
   212     7    31  2013       1       1  drainage_ditch       0.3036E-03     0.0000E+00     0.6403E-03     0.9714E-02     0.3897E-02     0.1088E+00     0.1949E-02     0.0000E+00     0.1949E-02     0.0000E+00     0.1069E+00     0.0000E+00     0.6531E+01     0.7153E+00     0.6999E-02     0.0000E+00     0.3592E-04     0.0000E+00     0.2408E+00     0.0000E+00     0.5079E+00
   243     8    31  2013       1       1  drainage_ditch       0.8543E-03     0.0000E+00     0.2313E-02     0.2734E-01     0.2990E+01     0.5998E+01     0.1495E+01     0.0000E+00     0.8439E-03     0.0000E+00     0.4503E+01     0.0000E+00     0.6532E+01     0.7153E+00     0.6999E-02     0.0000E+00     0.1514E-02     0.0000E+00     0.6777E+00     0.0000E+00     0.1835E+01
   273     9    30  2013       1       1  drainage_ditch       0.2221E-03     0.0000E+00     0.9746E-03     0.7106E-02     0.1375E-03     0.1069E+00     0.6876E-04     0.0000E+00     0.2175E-07     0.0000E+00     0.1069E+00     0.0000E+00     0.6532E+01     0.7153E+00     0.6999E-02     0.0000E+00     0.3712E-04     0.0000E+00     0.1705E+00     0.0000E+00     0.7482E+00
   304    10    31  2013       1       1  drainage_ditch       0.2406E-03     0.0000E+00     0.8596E-03     0.7700E-02     0.1558E-03     0.1069E+00     0.7790E-04     0.0000E+00     0.2250E-07     0.0000E+00     0.1069E+00     0.0000E+00     0.6532E+01     0.7153E+00     0.6999E-02     0.0000E+00     0.3592E-04     0.0000E+00     0.1909E+00     0.0000E+00     0.6818E+00
   334    11    30  2013       1       1  drainage_ditch       0.2548E-03     0.0000E+00     0.1560E-02     0.8152E-02     0.1143E-03     0.1069E+00     0.5717E-04     0.0000E+00     0.2175E-07     0.0000E+00     0.1069E+00     0.0000E+00     0.6532E+01     0.7153E+00     0.6999E-02     0.0000E+00     0.3712E-04     0.0000E+00     0.1956E+00     0.0000E+00     0.1198E+01
   365    12    31  2013       1       1  drainage_ditch       0.1450E-03     0.0000E+00     0.6284E-03     0.4640E-02     0.4650E-07     0.2325E-07     0.2325E-07     0.0000E+00     0.2325E-07     0.0000E+00     0.0000E+00     0.0000E+00     0.6532E+01     0.7153E+00     0.6999E-02     0.0000E+00     0.0000E+00     0.0000E+00     0.1150E+00     0.0000E+00     0.4984E+00
    31     1    31  2014       1       1  drainage_ditch       0.1293E-03     0.0000E+00     0.3079E-03     0.4139E-02     0.4650E-07     0.2325E-07     0.2325E-07     0.0000E+00     0.2325E-07     0.0000E+00     0.0000E+00     0.0000E+00     0.6532E+01     0.7153E+00     0.6999E-02     0.0000E+00     0.0000E+00     0.0000E+00     0.1026E+00     0.0000E+00     0.2443E+00
    59     2    28  2014       1       1  drainage_ditch       0.1643E-03     0.0000E+00     0.6374E-04     0.5256E-02     0.2314E-01     0.1157E-01     0.1157E-01     0.0000E+00     0.1157E-01     0.0000E+00     0.0000E+00     0.0000E+00     0.6532E+01     0.7153E+00     0.6999E-02     0.0000E+00     0.0000E+00     0.0000E+00     0.1177E+00     0.0000E+00     0.4567E-01
    90     3    31  2014       1       1  drainage_ditch       0.7284E-03     0.0000E+00     0.1451E-02     0.2331E-01     0.2104E+01     0.4518E+01     0.1052E+01     0.0000E+00     0.2601E-01     0.0000E+00     0.3467E+01     0.0000E+00     0.6532E+01     0.7153E+00     0.6999E-02     0.0000E+00     0.1165E-02     0.0000E+00     0.5778E+00     0.0000E+00     0.1151E+01
   120     4    30  2014       1       1  drainage_ditch       0.2072E-03     0.0000E+00     0.1125E-02     0.6631E-02     0.3323E-03     0.1662E-03     0.1662E-03     0.0000E+00     0.1662E-03     0.0000E+00     0.0000E+00     0.0000E+00     0.6532E+01     0.7153E+00     0.6999E-02     0.0000E+00     0.0000E+00     0.0000E+00     0.1591E+00     0.0000E+00     0.8638E+00
   151     5    31  2014       1       1  drainage_ditch       0.3765E-03     0.0000E+00     0.1687E-02     0.1205E-01     0.3064E-03     0.4165E+00     0.1532E-03     0.0000E+00     0.2175E-07     0.0000E+00     0.4164E+00     0.0000E+00     0.6532E+01     0.7153E+00     0.6999E-02     0.0000E+00     0.1400E-03     0.0000E+00     0.2986E+00     0.0000E+00     0.1338E+01
   181     6    30  2014       1       1  drainage_ditch       0.2346E-03     0.0000E+00     0.3258E-02     0.7506E-02     0.3159E+00     0.4675E+00     0.1579E+00     0.0000E+00     0.1011E-02     0.0000E+00     0.3095E+00     0.0000E+00     0.6532E+01     0.7153E+00     0.6999E-02     0.0000E+00     0.1075E-03     0.0000E+00     0.1801E+00     0.0000E+00     0.2501E+01
   212     7    31  2014       1       1  drainage_ditch       0.5069E-03     0.0000E+00     0.3803E-02     0.1622E-01     0.1957E+01     0.3123E+01     0.9786E+00     0.0000E+00     0.1966E-01     0.0000E+00     0.2144E+01     0.0000E+00     0.6532E+01     0.7153E+00     0.6999E-02     0.0000E+00     0.7207E-03     0.0000E+00     0.4021E+00     0.0000E+00     0.3017E+01
   243     8    31  2014       1       1  drainage_ditch       0.3069E-03     0.0000E+00     0.1710E-02     0.9820E-02     0.6702E-01     0.5857E+00     0.3351E-01     0.0000E+00     0.3322E-01     0.0000E+00     0.5522E+00     0.0000E+00     0.6532E+01     0.7153E+00     0.6999E-02     0.0000E+00     0.1856E-03     0.0000E+00     0.2434E+00     0.0000E+00     0.1356E+01
   273     9    30  2014       1       1  drainage_ditch       0.1813E-03     0.0000E+00     0.6488E-03     0.5802E-02     0.4500E-07     0.2250E-07     0.2250E-07     0.0000E+00     0.2250E-07     0.0000E+00     0.0000E+00     0.0000E+00     0.6533E+01     0.7153E+00     0.6999E-02     0.0000E+00     0.0000E+00     0.0000E+00     0.1392E+00     0.0000E+00     0.4981E+00
   304    10    31  2014       1       1  drainage_ditch       0.1405E-03     0.0000E+00     0.1426E-02     0.4496E-02     0.4650E-07     0.2325E-07     0.2325E-07     0.0000E+00     0.2325E-07     0.0000E+00     0.0000E+00     0.0000E+00     0.6533E+01     0.7153E+00     0.6999E-02     0.0000E+00     0.0000E+00     0.0000E+00     0.1115E+00     0.0000E+00     0.1131E+01
   334    11    30  2014       1       1  drainage_ditch       0.2931E-03     0.0000E+00     0.8747E-03     0.9378E-02     0.3271E+00     0.9779E+00     0.1636E+00     0.0000E+00     0.1461E-01     0.0000E+00     0.8143E+00     0.0000E+00     0.6533E+01     0.7153E+00     0.6999E-02     0.0000E+00     0.2828E-03     0.0000E+00     0.2250E+00     0.0000E+00     0.6714E+00
   365    12    31  2014       1       1  drainage_ditch       0.1241E-03     0.0000E+00     0.2697E-03     0.3971E-02     0.7190E-03     0.3595E-03     0.3595E-03     0.0000E+00     0.3595E-03     0.0000E+00     0.0000E+00     0.0000E+00     0.6533E+01     0.7153E+00     0.6999E-02     0.0000E+00     0.0000E+00     0.0000E+00     0.9844E-01     0.0000E+00     0.2139E+00
