 2_stage                   SWAT+ Jun 17  2020    MODULAR Rev 2020.60.4                                    
   jday   mon   day    yr   unit  gis_id  name                 sedyld     sedorgn     sedorgp     surqno3     lat3no3    surqsolp        usle      sedmin     tileno3
                                                                  tha        kgha        kgha        kgha        kgha        kgha        tons        ----        ----
    31     1    31  2006       1       1  field                  0.000       0.000       0.000       0.000       0.000       0.000       0.000       0.000       0.000
    31     1    31  2006       2       2  sat_buff               0.153       0.000       0.785       0.000       0.000       0.000       0.000       0.589       0.000
    59     2    28  2006       1       1  field                  0.000       0.000       0.000       0.059       0.000       0.000       0.000       0.000       0.000
    59     2    28  2006       2       2  sat_buff               0.000       0.000       0.444       0.000       0.000       0.000       0.000       0.336       0.000
    90     3    31  2006       1       1  field                  0.000       0.000       0.000       0.000       0.001       0.000       0.000       0.000       0.000
    90     3    31  2006       2       2  sat_buff               0.000       0.000       0.000       0.000       0.000       0.000       0.000       0.000       0.000
   120     4    30  2006       1       1  field                  0.000       0.000       0.000       0.000       0.001       0.000       0.000       0.000       0.000
   120     4    30  2006       2       2  sat_buff               0.000       0.000       0.000       0.000       0.000       0.000       0.000       0.000       0.000
   151     5    31  2006       1       1  field                  0.000       0.000       0.000       0.000       0.002       0.000       0.000       0.000       0.000
   151     5    31  2006       2       2  sat_buff               0.000       0.000       0.000       0.000       0.000       0.000       0.000       0.000       0.000
   181     6    30  2006       1       1  field                  0.000       0.000       0.000       0.000       0.002       0.000       0.000       0.000       0.000
   181     6    30  2006       2       2  sat_buff               0.000       0.000       0.000       0.000       0.000       0.000       0.000       0.000       0.000
   212     7    31  2006       1       1  field                  0.000       0.000       0.000       0.002       0.002       0.000       0.000       0.000       0.000
   212     7    31  2006       2       2  sat_buff               0.000       0.000       0.000       0.000       0.000       0.000       0.000       0.000       0.000
   243     8    31  2006       1       1  field                  0.000       0.000       0.000       0.000       0.002       0.000       0.000       0.000       0.000
   243     8    31  2006       2       2  sat_buff               0.000       0.000       0.000       0.000       0.001       0.000       0.000       0.000       0.000
   273     9    30  2006       1       1  field                  0.000       0.000       0.000       0.000       0.002       0.000       0.000       0.000       0.000
   273     9    30  2006       2       2  sat_buff               0.000       0.000       0.000       0.000       0.001       0.000       0.000       0.000       0.000
   304    10    31  2006       1       1  field                  0.000       0.000       0.000       0.000       0.002       0.000       0.000       0.000       0.000
   304    10    31  2006       2       2  sat_buff               0.000       0.000       0.000       0.000       0.002       0.000       0.000       0.000       0.000
   334    11    30  2006       1       1  field                  0.000       0.000       0.000       0.000       0.002       0.000       0.000       0.000       0.000
   334    11    30  2006       2       2  sat_buff               0.000       0.000       0.000       0.000       0.002       0.000       0.000       0.000       0.000
   365    12    31  2006       1       1  field                  0.000       0.000       0.000       0.000       0.010       0.000       0.000       0.000       0.000
   365    12    31  2006       2       2  sat_buff               0.000       0.000       0.000       0.000       0.006       0.000       0.000       0.000       0.000
    31     1    31  2007       1       1  field                  0.000       0.000       0.000       0.000       0.048       0.000       0.000       0.000       0.000
    31     1    31  2007       2       2  sat_buff               0.000       0.000       0.000       0.000       0.036       0.000       0.000       0.000       0.000
    59     2    28  2007       1       1  field                  0.000       0.000       0.000       0.008       0.074       0.000       0.000       0.000       0.000
    59     2    28  2007       2       2  sat_buff               0.001       0.002       0.000       0.425       0.056       0.000       0.000       0.000       0.000
    90     3    31  2007       1       1  field                  0.161       0.500       0.030       4.092       0.146       0.000       0.000       0.004       0.002
    90     3    31  2007       2       2  sat_buff               6.253      11.559       7.038       4.090       0.124       0.001       0.000       0.008       0.000
   120     4    30  2007       1       1  field                  0.000       0.000       0.000       0.000       0.277       0.000       0.000       0.000       0.008
   120     4    30  2007       2       2  sat_buff               0.002       0.004       2.734       0.759       0.219       0.000       0.000       0.003       0.000
   151     5    31  2007       1       1  field                  0.000       0.000       0.000       0.000       0.303       0.000       0.000       0.000       0.001
   151     5    31  2007       2       2  sat_buff               0.000       0.000       0.274       0.126       0.297       0.000       0.000       0.000       0.000
   181     6    30  2007       1       1  field                  0.000       0.000       0.000       0.000       0.226       0.000       0.000       0.000       0.000
   181     6    30  2007       2       2  sat_buff               0.000       0.000       0.000       0.183       0.317       0.000       0.000       0.000       0.000
   212     7    31  2007       1       1  field                  0.000       0.000       0.000       0.000       0.217       0.000       0.000       0.000       0.000
   212     7    31  2007       2       2  sat_buff               0.001       0.001       0.000       0.510       0.365       0.000       0.000       0.000       0.000
   243     8    31  2007       1       1  field                  0.083       0.213       0.013       0.772       0.228       0.000       0.000       0.002       0.000
   243     8    31  2007       2       2  sat_buff               3.259      11.365       2.126       3.049       0.405       0.000       0.000       0.001       0.000
   273     9    30  2007       1       1  field                  0.000       0.000       0.000       0.000       0.255       0.000       0.000       0.000       0.000
   273     9    30  2007       2       2  sat_buff               0.000       0.000       0.000       0.575       0.430       0.000       0.000       0.000       0.000
   304    10    31  2007       1       1  field                  0.000       0.000       0.000       0.000       0.236       0.000       0.000       0.000       0.000
   304    10    31  2007       2       2  sat_buff               0.000       0.000       0.000       1.272       0.485       0.000       0.000       0.000       0.000
   334    11    30  2007       1       1  field                  0.000       0.000       0.000       0.012       0.212       0.000       0.000       0.000       0.000
   334    11    30  2007       2       2  sat_buff               0.058       0.158       0.010       0.652       0.498       0.001       0.000       0.001       0.000
   365    12    31  2007       1       1  field                  0.077       0.165       0.010       8.635       0.202       0.000       0.000       0.001       0.000
   365    12    31  2007       2       2  sat_buff               3.048       4.757       4.390       1.277       0.489       0.000       0.000       0.012       0.000
    31     1    31  2008       1       1  field                  0.756       1.939       0.116      15.067       0.327       0.000       0.000       0.016       0.000
    31     1    31  2008       2       2  sat_buff              27.734      51.264      53.360       1.616       0.488       0.001       0.000       0.029       0.000
    60     2    29  2008       1       1  field                  1.332       3.684       0.220       5.055       0.375       0.000       0.000       0.032       0.000
    60     2    29  2008       2       2  sat_buff              36.007      84.017     126.020       0.822       0.431       0.001       0.000       0.002       0.000
    91     3    31  2008       1       1  field                  0.744       1.615       0.097       5.191       0.597       0.000       0.000       0.014       0.011
    91     3    31  2008       2       2  sat_buff              27.661      26.283      55.844       1.046       0.507       0.001       0.000       0.001       0.000
   121     4    30  2008       1       1  field                  0.099       0.203       0.012       0.491       0.718       0.000       0.000       0.002       0.028
   121     4    30  2008       2       2  sat_buff               3.764      16.899      13.033       0.174       0.544       0.000       0.000       0.001       0.000
   152     5    31  2008       1       1  field                  0.032       0.063       0.004       0.314       0.734       0.000       0.000       0.001       0.001
   152     5    31  2008       2       2  sat_buff               1.186       1.342       0.948       0.119       0.573       0.001       0.000       0.000       0.000
   182     6    30  2008       1       1  field                  0.000       0.000       0.000       0.000       0.645       0.000       0.000       0.000       0.000
   182     6    30  2008       2       2  sat_buff               0.017       2.270       0.422       0.200       0.567       0.000       0.000       0.000       0.000
   213     7    31  2008       1       1  field                  0.000       0.000       0.000       0.000       0.543       0.000       0.000       0.000       0.000
   213     7    31  2008       2       2  sat_buff               0.000       0.000       0.000       0.090       0.599       0.000       0.000       0.000       0.000
   244     8    31  2008       1       1  field                  0.000       0.000       0.000       0.000       0.459       0.000       0.000       0.000       0.000
   244     8    31  2008       2       2  sat_buff               0.000       0.000       0.000       0.122       0.619       0.000       0.000       0.000       0.000
   274     9    30  2008       1       1  field                  0.001       0.002       0.000       0.019       0.409       0.000       0.000       0.000       0.000
   274     9    30  2008       2       2  sat_buff               0.097       0.140       0.009       0.573       0.620       0.000       0.000       0.000       0.000
   305    10    31  2008       1       1  field                  0.000       0.000       0.000       0.000       0.388       0.000       0.000       0.000       0.000
   305    10    31  2008       2       2  sat_buff               0.000       0.000       0.000       0.348       0.663       0.000       0.000       0.000       0.000
   335    11    30  2008       1       1  field                  0.000       0.000       0.000       0.000       0.346       0.000       0.000       0.000       0.000
   335    11    30  2008       2       2  sat_buff               0.000       0.000       0.000       0.153       0.659       0.000       0.000       0.000       0.000
   366    12    31  2008       1       1  field                  0.215       0.766       0.046      25.166       0.330       0.000       0.000       0.007       0.000
   366    12    31  2008       2       2  sat_buff               8.216       4.794      12.478       0.500       0.600       0.001       0.000       0.006       0.000
    31     1    31  2009       1       1  field                  0.000       0.000       0.000       0.000       0.293       0.000       0.000       0.000       0.000
    31     1    31  2009       2       2  sat_buff               0.025       0.000      13.529       0.000       0.486       0.000       0.000       0.000       0.000
    59     2    28  2009       1       1  field                  0.107       0.223       0.013      14.072       0.346       0.000       0.000       0.002       0.000
    59     2    28  2009       2       2  sat_buff               3.846       3.005       6.906       0.435       0.446       0.001       0.000       0.000       0.000
    90     3    31  2009       1       1  field                  0.074       0.146       0.009       0.319       0.731       0.000       0.000       0.001       0.022
    90     3    31  2009       2       2  sat_buff               3.891      20.046      11.941       0.023       0.655       0.002       0.000       0.000       0.000
   120     4    30  2009       1       1  field                  0.401       0.806       0.047       2.141       0.986       0.000       0.000       0.007       0.041
   120     4    30  2009       2       2  sat_buff              15.037      71.082      22.236       0.033       0.665       0.001       0.000       0.001       0.000
   151     5    31  2009       1       1  field                  0.011       0.022       0.001       0.014       1.008       0.000       0.000       0.000       0.008
   151     5    31  2009       2       2  sat_buff               0.525       1.733       0.126       0.022       0.689       0.001       0.000       0.000       0.000
   181     6    30  2009       1       1  field                  0.000       0.000       0.000       0.000       0.852       0.000       0.000       0.000       0.000
   181     6    30  2009       2       2  sat_buff               0.001       0.001       0.000       0.015       0.669       0.000       0.000       0.000       0.000
   212     7    31  2009       1       1  field                  0.000       0.000       0.000       0.000       0.624       0.000       0.000       0.000       0.000
   212     7    31  2009       2       2  sat_buff               0.000       0.000       0.000       0.087       0.694       0.000       0.000       0.000       0.000
   243     8    31  2009       1       1  field                  0.052       0.152       0.009       0.281       0.619       0.000       0.000       0.001       0.000
   243     8    31  2009       2       2  sat_buff               1.244      11.229       1.492       0.318       0.716       0.001       0.000       0.000       0.000
   273     9    30  2009       1       1  field                  0.000       0.000       0.000       0.000       0.615       0.000       0.000       0.000       0.000
   273     9    30  2009       2       2  sat_buff               0.001       0.448       0.274       0.071       0.708       0.000       0.000       0.000       0.000
   304    10    31  2009       1       1  field                  0.000       0.000       0.000       0.000       0.575       0.000       0.000       0.000       0.000
   304    10    31  2009       2       2  sat_buff               0.000       0.000       0.000       0.180       0.749       0.000       0.000       0.000       0.000
   334    11    30  2009       1       1  field                  0.000       0.000       0.000       0.000       0.511       0.000       0.000       0.000       0.000
   334    11    30  2009       2       2  sat_buff               0.000       0.000       0.000       0.051       0.732       0.000       0.000       0.000       0.000
   365    12    31  2009       1       1  field                  0.001       0.003       0.000       0.142       0.487       0.000       0.000       0.000       0.000
   365    12    31  2009       2       2  sat_buff               0.058       0.130       0.053       0.031       0.689       0.000       0.000       0.000       0.000
    31     1    31  2010       1       1  field                  0.092       0.213       0.012       1.093       0.449       0.000       0.000       0.002       0.000
    31     1    31  2010       2       2  sat_buff               3.451       3.504       2.876       0.044       0.635       0.000       0.000       0.004       0.000
    59     2    28  2010       1       1  field                  0.008       0.016       0.001       0.317       0.380       0.000       0.000       0.000       0.000
    59     2    28  2010       2       2  sat_buff               0.370       0.163       4.461       0.000       0.562       0.000       0.000       0.000       0.000
    90     3    31  2010       1       1  field                  0.043       0.163       0.009       0.889       0.717       0.000       0.000       0.001       0.000
    90     3    31  2010       2       2  sat_buff               1.626       1.543       3.886       0.011       0.703       0.001       0.000       0.000       0.000
   120     4    30  2010       1       1  field                  0.000       0.000       0.000       0.000       0.785       0.000       0.000       0.000       0.000
   120     4    30  2010       2       2  sat_buff               0.001       0.001       1.268       0.015       0.715       0.000       0.000       0.000       0.000
   151     5    31  2010       1       1  field                  0.000       0.000       0.000       0.000       0.784       0.000       0.000       0.000       0.000
   151     5    31  2010       2       2  sat_buff               0.000       0.000       0.000       0.019       0.741       0.001       0.000       0.000       0.000
   181     6    30  2010       1       1  field                  0.000       0.000       0.000       0.000       0.713       0.000       0.000       0.000       0.000
   181     6    30  2010       2       2  sat_buff               0.000       0.000       0.000       0.026       0.722       0.001       0.000       0.000       0.000
   212     7    31  2010       1       1  field                  0.000       0.000       0.000       0.000       0.598       0.000       0.000       0.000       0.000
   212     7    31  2010       2       2  sat_buff               0.000       0.000       0.000       0.190       0.749       0.000       0.000       0.000       0.000
   243     8    31  2010       1       1  field                  0.000       0.000       0.000       0.000       0.535       0.000       0.000       0.000       0.000
   243     8    31  2010       2       2  sat_buff               0.000       0.000       0.000       0.106       0.767       0.000       0.000       0.000       0.000
   273     9    30  2010       1       1  field                  0.000       0.000       0.000       0.000       0.476       0.000       0.000       0.000       0.000
   273     9    30  2010       2       2  sat_buff               0.001       0.001       0.000       0.173       0.759       0.000       0.000       0.000       0.000
   304    10    31  2010       1       1  field                  0.000       0.000       0.000       0.000       0.453       0.000       0.000       0.000       0.000
   304    10    31  2010       2       2  sat_buff               0.000       0.000       0.000       0.041       0.799       0.000       0.000       0.000       0.000
   334    11    30  2010       1       1  field                  0.000       0.000       0.000       0.000       0.404       0.000       0.000       0.000       0.000
   334    11    30  2010       2       2  sat_buff               0.000       0.000       0.000       0.094       0.782       0.001       0.000       0.000       0.000
   365    12    31  2010       1       1  field                  0.025       0.048       0.003      10.516       0.385       0.000       0.000       0.000       0.000
   365    12    31  2010       2       2  sat_buff               0.981       1.069       0.049       0.023       0.712       0.000       0.000       0.006       0.000
    31     1    31  2011       1       1  field                  0.000       0.027       0.002       6.444       0.355       0.000       0.000       0.000       0.000
    31     1    31  2011       2       2  sat_buff               0.094       0.234       2.166       0.029       0.641       0.000       0.000       0.003       0.000
    59     2    28  2011       1       1  field                  0.155       0.298       0.017      13.162       0.341       0.000       0.000       0.003       0.000
    59     2    28  2011       2       2  sat_buff               5.800       5.112       8.835       0.330       0.563       0.000       0.000       0.000       0.000
    90     3    31  2011       1       1  field                  0.423       0.811       0.046       7.077       0.660       0.000       0.000       0.007       0.000
    90     3    31  2011       2       2  sat_buff              15.607      10.416      22.293       0.320       0.761       0.001       0.000       0.000       0.000
   120     4    30  2011       1       1  field                  0.020       0.038       0.002       0.126       0.757       0.000       0.000       0.000       0.003
   120     4    30  2011       2       2  sat_buff               1.184       3.553       2.794       0.261       0.757       0.001       0.000       0.000       0.000
   151     5    31  2011       1       1  field                  0.284       0.619       0.035       1.930       1.066       0.000       0.000       0.005       0.034
   151     5    31  2011       2       2  sat_buff              10.593      21.404       5.385       0.292       0.790       0.001       0.000       0.000       0.000
   181     6    30  2011       1       1  field                  0.000       0.000       0.000       0.000       1.072       0.000       0.000       0.000       0.009
   181     6    30  2011       2       2  sat_buff               0.012       5.714       4.663       0.078       0.764       0.000       0.000       0.000       0.000
   212     7    31  2011       1       1  field                  0.000       0.000       0.000       0.000       0.801       0.000       0.000       0.000       0.000
   212     7    31  2011       2       2  sat_buff               0.000       0.000       0.000       0.491       0.788       0.001       0.000       0.000       0.000
   243     8    31  2011       1       1  field                  0.000       0.000       0.000       0.000       0.688       0.000       0.000       0.000       0.000
   243     8    31  2011       2       2  sat_buff               0.000       0.000       0.000       0.507       0.803       0.000       0.000       0.000       0.000
   273     9    30  2011       1       1  field                  0.000       0.000       0.000       0.000       0.612       0.000       0.000       0.000       0.000
   273     9    30  2011       2       2  sat_buff               0.001       0.001       0.000       0.911       0.789       0.000       0.000       0.000       0.000
   304    10    31  2011       1       1  field                  0.020       0.036       0.002       0.151       0.585       0.000       0.000       0.000       0.000
   304    10    31  2011       2       2  sat_buff               0.828       2.025       0.175       0.673       0.829       0.000       0.000       0.006       0.000
   334    11    30  2011       1       1  field                  0.000       0.000       0.000       0.000       0.618       0.000       0.000       0.000       0.000
   334    11    30  2011       2       2  sat_buff               0.009       0.509       0.673       0.549       0.811       0.001       0.000       0.000       0.000
   365    12    31  2011       1       1  field                  0.123       0.321       0.018       3.656       1.208       0.000       0.000       0.003       0.000
   365    12    31  2011       2       2  sat_buff               4.150       5.075       3.293       0.663       0.855       0.001       0.000       0.027       0.000
    31     1    31  2012       1       1  field                  0.757       1.456       0.082       1.885       1.265       0.000       0.000       0.013       0.000
    31     1    31  2012       2       2  sat_buff              28.250      62.522      56.705       0.127       0.789       0.000       0.000       0.015       0.000
    60     2    29  2012       1       1  field                  0.276       0.508       0.029       0.701       1.252       0.000       0.000       0.005       0.000
    60     2    29  2012       2       2  sat_buff              10.394      22.414      33.906       0.020       0.765       0.000       0.000       0.003       0.000
    91     3    31  2012       1       1  field                  0.042       0.077       0.004       0.095       1.397       0.000       0.000       0.001       0.005
    91     3    31  2012       2       2  sat_buff               1.668       5.163       9.750       0.001       0.847       0.000       0.000       0.000       0.000
   121     4    30  2012       1       1  field                  0.000       0.000       0.000       0.000       1.121       0.000       0.000       0.000       0.000
   121     4    30  2012       2       2  sat_buff               0.001       0.519       2.080       0.001       0.811       0.000       0.000       0.000       0.000
   152     5    31  2012       1       1  field                  0.000       0.000       0.000       0.000       0.838       0.000       0.000       0.000       0.000
   152     5    31  2012       2       2  sat_buff               0.000       0.088       0.149       0.001       0.812       0.000       0.000       0.000       0.000
   182     6    30  2012       1       1  field                  0.000       0.000       0.000       0.000       0.698       0.000       0.000       0.000       0.000
   182     6    30  2012       2       2  sat_buff               0.000       0.000       0.000       0.000       0.703       0.000       0.000       0.000       0.000
   213     7    31  2012       1       1  field                  0.000       0.000       0.000       0.000       0.661       0.000       0.000       0.000       0.000
   213     7    31  2012       2       2  sat_buff               0.000       0.000       0.000       0.000       0.699       0.000       0.000       0.000       0.000
   244     8    31  2012       1       1  field                  0.000       0.000       0.000       0.000       0.607       0.000       0.000       0.000       0.000
   244     8    31  2012       2       2  sat_buff               0.001       0.001       0.000       0.935       0.813       0.001       0.000       0.000       0.000
   274     9    30  2012       1       1  field                  0.000       0.000       0.000       0.000       0.540       0.000       0.000       0.000       0.000
   274     9    30  2012       2       2  sat_buff               0.000       0.000       0.000       0.232       0.810       0.000       0.000       0.000       0.000
   305    10    31  2012       1       1  field                  0.000       0.000       0.000       0.000       0.515       0.000       0.000       0.000       0.000
   305    10    31  2012       2       2  sat_buff               0.000       0.000       0.000       0.221       0.854       0.000       0.000       0.000       0.000
   335    11    30  2012       1       1  field                  0.000       0.000       0.000       0.000       0.460       0.000       0.000       0.000       0.000
   335    11    30  2012       2       2  sat_buff               0.000       0.000       0.000       0.010       0.832       0.000       0.000       0.000       0.000
   366    12    31  2012       1       1  field                  0.000       0.000       0.000       0.000       0.439       0.000       0.000       0.000       0.000
   366    12    31  2012       2       2  sat_buff               0.000       0.000       0.000       0.025       0.855       0.000       0.000       0.000       0.000
    31     1    31  2013       1       1  field                  0.142       0.259       0.014       4.851       0.406       0.000       0.000       0.002       0.000
    31     1    31  2013       2       2  sat_buff               5.329       4.834       1.721       0.051       0.736       0.000       0.000       0.012       0.000
    59     2    28  2013       1       1  field                  0.018       0.033       0.002       1.346       0.352       0.000       0.000       0.000       0.000
    59     2    28  2013       2       2  sat_buff               0.829       0.593       6.857       0.000       0.633       0.000       0.000       0.000       0.000
    90     3    31  2013       1       1  field                  0.177       0.323       0.018       2.096       0.645       0.000       0.000       0.003       0.000
    90     3    31  2013       2       2  sat_buff               6.498       5.676       9.684       0.002       0.774       0.000       0.000       0.000       0.000
   120     4    30  2013       1       1  field                  0.055       0.100       0.006       0.138       0.923       0.000       0.000       0.001       0.006
   120     4    30  2013       2       2  sat_buff               2.175      11.108       3.630       0.004       0.800       0.001       0.000       0.000       0.000
   151     5    31  2013       1       1  field                  0.000       0.000       0.000       0.000       1.010       0.000       0.000       0.000       0.004
   151     5    31  2013       2       2  sat_buff               0.001       0.703       0.358       0.003       0.821       0.000       0.000       0.000       0.000
   181     6    30  2013       1       1  field                  0.646       1.164       0.065       1.353       1.010       0.000       0.000       0.010       0.000
   181     6    30  2013       2       2  sat_buff              23.713     108.501      18.646       0.005       0.793       0.002       0.000       0.000       0.000
   212     7    31  2013       1       1  field                  0.000       0.000       0.000       0.000       1.043       0.000       0.000       0.000       0.000
   212     7    31  2013       2       2  sat_buff               0.013       1.673       0.432       0.040       0.823       0.000       0.000       0.000       0.000
   243     8    31  2013       1       1  field                  0.125       0.223       0.012       0.555       0.899       0.000       0.000       0.002       0.000
   243     8    31  2013       2       2  sat_buff               4.737      19.955       2.573       0.049       0.825       0.000       0.000       0.000       0.000
   273     9    30  2013       1       1  field                  0.000       0.000       0.000       0.000       0.719       0.000       0.000       0.000       0.000
   273     9    30  2013       2       2  sat_buff               0.000       0.000       0.000       0.125       0.800       0.000       0.000       0.000       0.000
   304    10    31  2013       1       1  field                  0.000       0.000       0.000       0.000       0.682       0.000       0.000       0.000       0.000
   304    10    31  2013       2       2  sat_buff               0.001       0.000       0.000       0.076       0.835       0.000       0.000       0.000       0.000
   334    11    30  2013       1       1  field                  0.000       0.000       0.000       0.000       0.607       0.000       0.000       0.000       0.000
   334    11    30  2013       2       2  sat_buff               0.000       0.000       0.000       0.037       0.809       0.000       0.000       0.000       0.000
   365    12    31  2013       1       1  field                  0.000       0.000       0.000       0.000       0.576       0.000       0.000       0.000       0.000
   365    12    31  2013       2       2  sat_buff               0.000       0.000       0.000       0.001       0.705       0.000       0.000       0.000       0.000
    31     1    31  2014       1       1  field                  0.000       0.000       0.000       0.000       0.530       0.000       0.000       0.000       0.000
    31     1    31  2014       2       2  sat_buff               0.000       0.000       0.000       0.000       0.548       0.000       0.000       0.000       0.000
    59     2    28  2014       1       1  field                  0.001       0.001       0.000       0.374       0.443       0.000       0.000       0.000       0.000
    59     2    28  2014       2       2  sat_buff               0.046       0.016       0.016       0.006       0.528       0.000       0.000       0.000       0.000
    90     3    31  2014       1       1  field                  0.092       0.165       0.009       6.003       0.544       0.000       0.000       0.001       0.000
    90     3    31  2014       2       2  sat_buff               3.160       0.619       4.017       0.000       0.754       0.000       0.000       0.000       0.000
   120     4    30  2014       1       1  field                  0.000       0.000       0.000       0.000       0.672       0.000       0.000       0.000       0.000
   120     4    30  2014       2       2  sat_buff               0.001       0.001       0.171       0.001       0.758       0.000       0.000       0.000       0.000
   151     5    31  2014       1       1  field                  0.000       0.000       0.000       0.000       0.642       0.000       0.000       0.000       0.000
   151     5    31  2014       2       2  sat_buff               0.001       0.001       0.000       0.006       0.779       0.001       0.000       0.000       0.000
   181     6    30  2014       1       1  field                  0.021       0.038       0.002       0.249       0.571       0.000       0.000       0.000       0.000
   181     6    30  2014       2       2  sat_buff               0.161       0.649       0.100       0.001       0.738       0.000       0.000       0.000       0.000
   212     7    31  2014       1       1  field                  0.085       0.150       0.008       0.903       0.579       0.000       0.000       0.001       0.000
   212     7    31  2014       2       2  sat_buff               2.991       6.877       1.616       0.028       0.774       0.001       0.000       0.000       0.000
   243     8    31  2014       1       1  field                  0.005       0.008       0.000       0.109       0.570       0.000       0.000       0.000       0.000
   243     8    31  2014       2       2  sat_buff               0.035       0.081       0.009       0.140       0.782       0.001       0.000       0.000       0.000
   273     9    30  2014       1       1  field                  0.000       0.000       0.000       0.000       0.507       0.000       0.000       0.000       0.000
   273     9    30  2014       2       2  sat_buff               0.000       0.000       0.000       0.104       0.763       0.000       0.000       0.000       0.000
   304    10    31  2014       1       1  field                  0.000       0.000       0.000       0.000       0.483       0.000       0.000       0.000       0.000
   304    10    31  2014       2       2  sat_buff               0.000       0.000       0.000       0.049       0.791       0.000       0.000       0.000       0.000
   334    11    30  2014       1       1  field                  0.014       0.024       0.001      11.962       0.431       0.000       0.000       0.000       0.000
   334    11    30  2014       2       2  sat_buff               0.526       0.007       0.401       0.027       0.766       0.000       0.000       0.000       0.000
   365    12    31  2014       1       1  field                  0.000       0.000       0.000       0.000       0.391       0.000       0.000       0.000       0.000
   365    12    31  2014       2       2  sat_buff               0.002       0.000       0.489       0.023       0.685       0.000       0.000       0.000       0.000
