 hru1                      SWAT+ Jun 17  2020    MODULAR Rev 2020.60.4                                    
   jday   mon   day    yr   unit  gis_id  name                     lai       bioms       yield     residue     sol_tmp       strsw       strsa     strstmp       strsn       strsp        nplt       percn       pplnt         tmx         tmn       tmpav     solarad      wndspd        rhum     phubas0
                                                             m**2/m**2        kgha        kgha        kgha        degc         ---         ---         ---         ---         ---        kgha        kgha        kgha        degc        degc        degc      mj/m^2         m/s        frac        degc
   365    12    31  1998       1       1  hru1                  12.286  143260.375       0.000    4595.197      16.447       0.000       0.000       0.000       0.000       0.000       0.474      13.566       0.000      20.997      10.562      15.779      19.695       0.000       0.000       0.467
   365    12    31  1998       2       2  hru2                  12.286  143260.375       0.000    4595.197      16.447       0.000       0.000       0.000       0.000       0.000       0.474      13.566       0.000      20.997      10.562      15.779      19.695       0.000       0.000       0.467
   365    12    31  1998       3       3  hru3                   4.031   39082.340       0.000    2910.476      16.641       0.000       0.000       0.000       0.000       0.000       0.473      10.840       0.000      20.997      10.562      15.779      19.695       0.000       0.000       0.467
   365    12    31  1998       4       4  hru4                   4.031   39082.340       0.000    2912.214      16.634       0.000       0.000       0.000       0.000       0.000       0.439       4.184       0.000      20.997      10.562      15.779      19.695       0.000       0.000       0.467
   365    12    31  1998       5       5  hru5                   3.995   38614.387       0.000    2542.612      18.924       0.000       0.000       0.000       0.000       0.000       0.168       0.613       0.000      24.932      13.179      19.056      19.580       0.000       0.000       0.558
   365    12    31  1998       6       6  hru6                   3.995   38614.387       0.000    2543.515      18.905       0.000       0.000       0.000       0.000       0.000       0.118       0.318       0.000      24.932      13.179      19.056      19.580       0.000       0.000       0.558
   365    12    31  1998       7       7  hru7                   3.995   38614.387       0.000    2543.330      18.909       0.000       0.000       0.000       0.000       0.000       0.118       0.328       0.000      24.932      13.179      19.056      19.580       0.000       0.000       0.558
   365    12    31  1998       8       8  hru8                   3.995   38614.387       0.000    2537.517      18.933       0.000       0.000       0.000       0.000       0.000       0.231       0.841       0.000      24.932      13.179      19.056      19.580       0.000       0.000       0.558
   365    12    31  1998       9       9  hru9                   4.035   39578.379       0.000    2615.244      18.320       0.000       0.000       0.000       0.000       0.000       0.325       0.548       0.000      23.776      12.536      18.156      19.580       0.000       0.000       0.530
   365    12    31  1998      10      10  hru10                  4.035   39578.379       0.000    2620.927      18.368       0.000       0.000       0.000       0.000       0.000       0.124       0.329       0.000      23.776      12.536      18.156      19.580       0.000       0.000       0.530
   365    12    31  1998      11      11  hru11                  4.035   39578.379       0.000    2605.267      18.369       0.000       0.000       0.000       0.000       0.000       0.100       0.167       0.000      23.776      12.536      18.156      19.580       0.000       0.000       0.530
   365    12    31  1998      12      12  hru12                  4.035   39578.379       0.000    2599.244      18.382       0.000       0.000       0.000       0.000       0.000       0.268       0.884       0.000      23.776      12.536      18.156      19.580       0.000       0.000       0.530
   365    12    31  1998      13      13  hru13                  4.085   31392.484       0.000    2053.050      21.704       0.000       4.647       0.000       0.000       0.000       0.136       0.397       0.000      30.922      15.821      23.371      19.580       0.000       0.000       0.675
   365    12    31  1998      14      14  hru14                  4.085   31392.484       0.000    2039.308      21.733       0.000       4.812       0.000       0.000       0.000       0.400       0.689       0.000      30.922      15.821      23.371      19.580       0.000       0.000       0.675
   365    12    31  1998      15      15  hru15                  4.085   31392.484       0.000    2053.050      21.704       0.000       4.647       0.000       0.000       0.000       0.136       0.397       0.000      30.922      15.821      23.371      19.580       0.000       0.000       0.675
   365    12    31  1998      16      16  hru16                  4.085   31392.484       0.000    2039.324      21.733       0.000       4.810       0.000       0.000       0.000       0.400       0.688       0.000      30.922      15.821      23.371      19.580       0.000       0.000       0.675
   365    12    31  1999       1       1  hru1                   4.548  188141.047       0.000    2007.910      16.982       0.000       0.000       0.000       0.000       0.000       0.163      19.027       0.000      23.048      10.006      16.527      19.695       0.000       0.000       0.505
   365    12    31  1999       2       2  hru2                   4.548  188141.047       0.000    2007.910      16.982       0.000       0.000       0.000       0.000       0.000       0.163      19.027       0.000      23.048      10.006      16.527      19.695       0.000       0.000       0.505
   365    12    31  1999       3       3  hru3                   1.537   88571.562       0.000    3478.464      17.017       0.000       0.000       0.000       0.000       0.000       0.265      30.355       0.000      23.048      10.006      16.527      19.695       0.000       0.000       0.505
   365    12    31  1999       4       4  hru4                   1.537   88571.562       0.000    3478.685      17.007       0.000       0.000       0.000       0.000       0.000       0.339       9.557       0.000      23.048      10.006      16.527      19.695       0.000       0.000       0.505
   365    12    31  1999       5       5  hru5                   3.259   88098.930       0.000    2562.966      18.767       0.000       0.000       0.000       0.000       0.000       0.116       0.070       0.000      26.335      12.808      19.572      19.580       0.000       0.000       0.588
   365    12    31  1999       6       6  hru6                   3.259   88098.930       0.000    2560.631      18.771       0.000       0.000       0.000       0.000       0.000       0.073       0.092       0.000      26.335      12.808      19.572      19.580       0.000       0.000       0.588
   365    12    31  1999       7       7  hru7                   3.259   88098.930       0.000    2560.600      18.773       0.000       0.000       0.000       0.000       0.000       0.073       0.101       0.000      26.335      12.808      19.572      19.580       0.000       0.000       0.588
   365    12    31  1999       8       8  hru8                   3.259   88098.930       0.000    2564.240      18.761       0.000       0.000       0.000       0.000       0.000       0.170       0.019       0.000      26.335      12.808      19.572      19.580       0.000       0.000       0.588
   365    12    31  1999       9       9  hru9                   3.375   94116.195       0.000    3418.466      17.818       7.625       0.000       0.000       0.000       0.000       0.217       0.133       0.000      24.651      12.087      18.369      19.580       0.000       0.000       0.549
   365    12    31  1999      10      10  hru10                  3.375   94116.195       0.000    3411.297      17.878       2.388       0.000       0.000       0.000       0.000       0.068       0.392       0.000      24.651      12.087      18.369      19.580       0.000       0.000       0.549
   365    12    31  1999      11      11  hru11                  3.375   94116.195       0.000    3410.356      17.886       2.157       0.000       0.000       0.000       0.000       0.051       0.181       0.000      24.651      12.087      18.369      19.580       0.000       0.000       0.549
   365    12    31  1999      12      12  hru12                  3.375   94116.195       0.000    3408.950      17.899       0.000       0.000       0.000       0.000       0.000       0.172       1.153       0.000      24.651      12.087      18.369      19.580       0.000       0.000       0.549
   365    12    31  1999      13      13  hru13                  3.214   67013.461       0.000     241.208      21.042      56.280       0.000       0.000       0.000       0.000       0.083       0.213       0.000      31.678      15.551      23.614      19.580       0.000       0.000       0.703
   365    12    31  1999      14      14  hru14                  3.214   67013.461       0.000     245.072      20.991      55.378       0.000       0.000       0.000       0.000       0.308       0.386       0.000      31.678      15.551      23.614      19.580       0.000       0.000       0.703
   365    12    31  1999      15      15  hru15                  3.214   67013.461       0.000     241.208      21.042      56.280       0.000       0.000       0.000       0.000       0.083       0.213       0.000      31.678      15.551      23.614      19.580       0.000       0.000       0.703
   365    12    31  1999      16      16  hru16                  3.214   67013.461       0.000     245.074      20.991      55.392       0.000       0.000       0.000       0.000       0.308       0.385       0.000      31.678      15.551      23.614      19.580       0.000       0.000       0.703
   366    12    31  2000       1       1  hru1                   4.342  195903.391       0.000    8996.690      17.151       5.290       0.000       0.000       0.000       0.000       0.206       0.000       0.000      24.612       9.693      17.152      19.701       0.000       0.000       0.525
   366    12    31  2000       2       2  hru2                   4.342  195903.391       0.000    8996.690      17.151       5.290       0.000       0.000       0.000       0.000       0.206       0.000       0.000      24.612       9.693      17.152      19.701       0.000       0.000       0.525
   366    12    31  2000       3       3  hru3                   1.334   85325.250       0.000    7350.206      17.475       0.000       0.798       0.000       0.000       0.000       0.249      43.060       0.000      24.612       9.693      17.152      19.701       0.000       0.000       0.525
   366    12    31  2000       4       4  hru4                   1.334   85325.250       0.000    7350.213      17.474       0.000       0.000       0.000       0.000       0.000       0.319      13.805       0.000      24.612       9.693      17.152      19.701       0.000       0.000       0.525
   366    12    31  2000       5       5  hru5                   1.219   76792.336       0.000    6528.801      19.663       0.000       0.000       0.000       0.000       0.000       0.140       0.681       0.000      28.479      12.802      20.641      19.586       0.000       0.000       0.627
   366    12    31  2000       6       6  hru6                   1.219   76792.336       0.000    6528.347      19.660       0.000       0.000       0.000       0.000       0.000       0.090       0.344       0.000      28.479      12.802      20.641      19.586       0.000       0.000       0.627
   366    12    31  2000       7       7  hru7                   1.219   76792.336       0.000    6528.346      19.660       0.000       0.000       0.000       0.000       0.000       0.090       0.350       0.000      28.479      12.802      20.641      19.586       0.000       0.000       0.627
   366    12    31  2000       8       8  hru8                   1.219   76792.336       0.000    6528.968      19.666       0.000       0.000       0.000       0.000       0.000       0.200       0.938       0.000      28.479      12.802      20.641      19.586       0.000       0.000       0.627
   366    12    31  2000       9       9  hru9                   1.302   80250.117       0.000    7452.833      19.149       0.000       5.191       0.000       0.000       0.000       0.274       3.531       0.000      26.646      12.146      19.396      19.586       0.000       0.000       0.583
   366    12    31  2000      10      10  hru10                  1.302   80250.117       0.000    7449.149      19.127       0.000      12.543       0.000       0.000       0.000       0.089       2.958       0.000      26.646      12.146      19.396      19.586       0.000       0.000       0.583
   366    12    31  2000      11      11  hru11                  1.302   80250.117       0.000    7449.140      19.123       0.000      12.716       0.000       0.000       0.000       0.066       1.331       0.000      26.646      12.146      19.396      19.586       0.000       0.000       0.583
   366    12    31  2000      12      12  hru12                  1.302   80250.117       0.000    7448.591      19.138       0.000      15.383       0.000       0.000       0.000       0.204       8.538       0.000      26.646      12.146      19.396      19.586       0.000       0.000       0.583
   366    12    31  2000      13      13  hru13                  1.350   73119.008       0.000    2973.803      22.543      12.144      19.928       0.000       0.000       0.000       0.107       3.559       0.000      33.545      15.470      24.508      19.586       0.000       0.000       0.737
   366    12    31  2000      14      14  hru14                  1.350   73119.008       0.000    2973.683      22.562      12.079      24.730       0.000       0.000       0.000       0.326       7.736       0.000      33.545      15.470      24.508      19.586       0.000       0.000       0.737
   366    12    31  2000      15      15  hru15                  1.350   73119.008       0.000    2973.803      22.543      12.144      19.928       0.000       0.000       0.000       0.107       3.559       0.000      33.545      15.470      24.508      19.586       0.000       0.000       0.737
   366    12    31  2000      16      16  hru16                  1.350   73119.008       0.000    2973.683      22.562      12.079      24.686       0.000       0.000       0.000       0.326       7.720       0.000      33.545      15.470      24.508      19.586       0.000       0.000       0.737
   365    12    31  2001       1       1  hru1                   4.539  197148.406       0.000    9762.754      16.963       0.000       0.000       0.000       0.000       0.000       0.226      42.004       0.000      22.865      10.301      16.583      19.695       0.000       0.000       0.496
   365    12    31  2001       2       2  hru2                   4.539  197148.406       0.000    9762.754      16.963       0.000       0.000       0.000       0.000       0.000       0.226      42.004       0.000      22.865      10.301      16.583      19.695       0.000       0.000       0.496
   365    12    31  2001       3       3  hru3                   1.522   88457.164       0.000    6662.102      16.968       0.000       0.000       0.000       0.000       0.000       0.288      84.111       0.000      22.865      10.301      16.583      19.695       0.000       0.000       0.496
   365    12    31  2001       4       4  hru4                   1.522   88457.164       0.000    6662.102      16.972       0.000       0.000       0.000       0.000       0.000       0.349      23.927       0.000      22.865      10.301      16.583      19.695       0.000       0.000       0.496
   365    12    31  2001       5       5  hru5                   1.473   84263.469       0.000    3961.524      19.560       0.000       0.000       0.000       0.000       0.000       0.159       9.762       0.000      26.928      13.151      20.040      19.580       0.000       0.000       0.594
   365    12    31  2001       6       6  hru6                   1.473   84263.469       0.000    3961.512      19.552       0.000       0.000       0.000       0.000       0.000       0.101       4.453       0.000      26.928      13.151      20.040      19.580       0.000       0.000       0.594
   365    12    31  2001       7       7  hru7                   1.473   84263.469       0.000    3961.512      19.547       0.000       0.000       0.000       0.000       0.000       0.101       4.869       0.000      26.928      13.151      20.040      19.580       0.000       0.000       0.594
   365    12    31  2001       8       8  hru8                   1.473   84263.469       0.000    3961.528      19.574       0.000       0.000       0.000       0.000       0.000       0.233      13.673       0.000      26.928      13.151      20.040      19.580       0.000       0.000       0.594
   365    12    31  2001       9       9  hru9                   1.569   86516.281       0.000    4762.825      18.735       0.000       0.000       0.000       0.000       0.000       0.303       7.161       0.000      25.453      12.427      18.940      19.580       0.000       0.000       0.559
   365    12    31  2001      10      10  hru10                  1.569   86516.281       0.000    4762.731      18.684       0.000       0.000       0.000       0.000       0.000       0.096       5.832       0.000      25.453      12.427      18.940      19.580       0.000       0.000       0.559
   365    12    31  2001      11      11  hru11                  1.569   86516.281       0.000    4762.731      18.676       0.000       0.000       0.000       0.000       0.000       0.071       2.604       0.000      25.453      12.427      18.940      19.580       0.000       0.000       0.559
   365    12    31  2001      12      12  hru12                  1.569   86516.281       0.000    4762.719      18.704       0.000       0.000       0.000       0.000       0.000       0.240      17.533       0.000      25.453      12.427      18.940      19.580       0.000       0.000       0.559
   365    12    31  2001      13      13  hru13                  1.469   76565.961       0.000    3669.398      22.503       0.000      25.635       0.000       0.000       0.000       0.102       6.571       0.000      32.138      15.771      23.955      19.580       0.000       0.000       0.706
   365    12    31  2001      14      14  hru14                  1.469   76565.961       0.000    3669.393      22.560       0.000      35.428       0.000       0.000       0.000       0.302      14.952       0.000      32.138      15.771      23.955      19.580       0.000       0.000       0.706
   365    12    31  2001      15      15  hru15                  1.469   76565.961       0.000    3669.398      22.503       0.000      25.635       0.000       0.000       0.000       0.102       6.571       0.000      32.138      15.771      23.955      19.580       0.000       0.000       0.706
   365    12    31  2001      16      16  hru16                  1.469   76565.961       0.000    3669.393      22.560       0.000      35.200       0.000       0.000       0.000       0.302      14.910       0.000      32.138      15.771      23.955      19.580       0.000       0.000       0.706
   365    12    31  2002       1       1  hru1                   4.357  196057.297       0.000   10703.118      17.244       0.000       0.000       0.000       0.000       0.000       0.170      53.802       0.000      23.264      10.504      16.884      19.695       0.000       0.000       0.510
   365    12    31  2002       2       2  hru2                   4.357  196057.297       0.000   10703.118      17.244       0.000       0.000       0.000       0.000       0.000       0.170      53.802       0.000      23.264      10.504      16.884      19.695       0.000       0.000       0.510
   365    12    31  2002       3       3  hru3                   1.384   86288.242       0.000    7417.223      17.244       0.000       0.000       0.000       0.000       0.000       0.243      95.493       0.000      23.264      10.504      16.884      19.695       0.000       0.000       0.510
   365    12    31  2002       4       4  hru4                   1.384   86288.242       0.000    7417.223      17.256       0.000       0.000       0.000       0.000       0.000       0.299      22.034       0.000      23.264      10.504      16.884      19.695       0.000       0.000       0.510
   365    12    31  2002       5       5  hru5                   1.279   77395.750       0.000    6123.984      19.657       0.000      19.440       0.000       0.000       0.000       0.118       8.671       0.000      26.738      13.359      20.048      19.580       0.000       0.000       0.603
   365    12    31  2002       6       6  hru6                   1.279   77395.750       0.000    6123.984      19.652       0.000      18.567       0.000       0.000       0.000       0.076       3.967       0.000      26.738      13.359      20.048      19.580       0.000       0.000       0.603
   365    12    31  2002       7       7  hru7                   1.279   77395.750       0.000    6123.984      19.647       0.000      19.600       0.000       0.000       0.000       0.076       4.307       0.000      26.738      13.359      20.048      19.580       0.000       0.000       0.603
   365    12    31  2002       8       8  hru8                   1.279   77395.750       0.000    6123.984      19.668       0.000      19.267       0.000       0.000       0.000       0.172      12.184       0.000      26.738      13.359      20.048      19.580       0.000       0.000       0.603
   365    12    31  2002       9       9  hru9                   1.472   81797.961       0.000    6610.706      18.858       0.000       0.509       0.000       0.000       0.000       0.252       6.196       0.000      25.304      12.759      19.032      19.580       0.000       0.000       0.569
   365    12    31  2002      10      10  hru10                  1.472   81797.961       0.000    6610.702      18.809       0.000       7.714       0.000       0.000       0.000       0.076       5.236       0.000      25.304      12.759      19.032      19.580       0.000       0.000       0.569
   365    12    31  2002      11      11  hru11                  1.472   81797.961       0.000    6610.702      18.801       0.000       7.894       0.000       0.000       0.000       0.057       2.330       0.000      25.304      12.759      19.032      19.580       0.000       0.000       0.569
   365    12    31  2002      12      12  hru12                  1.472   81797.961       0.000    6610.702      18.826       0.000       8.045       0.000       0.000       0.000       0.189      15.654       0.000      25.304      12.759      19.032      19.580       0.000       0.000       0.569
   365    12    31  2002      13      13  hru13                  1.432   73414.703       0.000    4598.507      22.834       0.000      21.444       0.000       0.000       0.000       0.080       4.650       0.000      31.988      16.100      24.044      19.580       0.000       0.000       0.714
   365    12    31  2002      14      14  hru14                  1.432   73414.703       0.000    4598.507      22.860       0.000      26.744       0.000       0.000       0.000       0.277      10.783       0.000      31.988      16.100      24.044      19.580       0.000       0.000       0.714
   365    12    31  2002      15      15  hru15                  1.432   73414.703       0.000    4598.507      22.834       0.000      21.444       0.000       0.000       0.000       0.080       4.650       0.000      31.988      16.100      24.044      19.580       0.000       0.000       0.714
   365    12    31  2002      16      16  hru16                  1.432   73414.703       0.000    4598.507      22.860       0.000      26.661       0.000       0.000       0.000       0.278      10.756       0.000      31.988      16.100      24.044      19.580       0.000       0.000       0.714
